forecast_date,target,target_end_date,location,type,quantile,value
2020-10-12,1 wk ahead inc case,2020-10-17,01,quantile,0.025,4530
2020-10-12,1 wk ahead inc case,2020-10-17,01,quantile,0.1,4987
2020-10-12,1 wk ahead inc case,2020-10-17,01,quantile,0.25,5577
2020-10-12,1 wk ahead inc case,2020-10-17,01,quantile,0.5,5941
2020-10-12,1 wk ahead inc case,2020-10-17,01,quantile,0.75,6830
2020-10-12,1 wk ahead inc case,2020-10-17,01,quantile,0.9,8016
2020-10-12,1 wk ahead inc case,2020-10-17,01,quantile,0.975,9749
2020-10-12,1 wk ahead inc case,2020-10-17,02,quantile,0.025,758
2020-10-12,1 wk ahead inc case,2020-10-17,02,quantile,0.1,887
2020-10-12,1 wk ahead inc case,2020-10-17,02,quantile,0.25,1111
2020-10-12,1 wk ahead inc case,2020-10-17,02,quantile,0.5,1352
2020-10-12,1 wk ahead inc case,2020-10-17,02,quantile,0.75,1616
2020-10-12,1 wk ahead inc case,2020-10-17,02,quantile,0.9,1807
2020-10-12,1 wk ahead inc case,2020-10-17,02,quantile,0.975,2110
2020-10-12,1 wk ahead inc case,2020-10-17,04,quantile,0.025,2807
2020-10-12,1 wk ahead inc case,2020-10-17,04,quantile,0.1,3174
2020-10-12,1 wk ahead inc case,2020-10-17,04,quantile,0.25,3786
2020-10-12,1 wk ahead inc case,2020-10-17,04,quantile,0.5,4611
2020-10-12,1 wk ahead inc case,2020-10-17,04,quantile,0.75,5835
2020-10-12,1 wk ahead inc case,2020-10-17,04,quantile,0.9,7005
2020-10-12,1 wk ahead inc case,2020-10-17,04,quantile,0.975,8272
2020-10-12,1 wk ahead inc case,2020-10-17,05,quantile,0.025,4261
2020-10-12,1 wk ahead inc case,2020-10-17,05,quantile,0.1,4779
2020-10-12,1 wk ahead inc case,2020-10-17,05,quantile,0.25,5289
2020-10-12,1 wk ahead inc case,2020-10-17,05,quantile,0.5,5912
2020-10-12,1 wk ahead inc case,2020-10-17,05,quantile,0.75,6689
2020-10-12,1 wk ahead inc case,2020-10-17,05,quantile,0.9,7286
2020-10-12,1 wk ahead inc case,2020-10-17,05,quantile,0.975,8535
2020-10-12,1 wk ahead inc case,2020-10-17,06,quantile,0.025,15946
2020-10-12,1 wk ahead inc case,2020-10-17,06,quantile,0.1,18050
2020-10-12,1 wk ahead inc case,2020-10-17,06,quantile,0.25,20388
2020-10-12,1 wk ahead inc case,2020-10-17,06,quantile,0.5,22758
2020-10-12,1 wk ahead inc case,2020-10-17,06,quantile,0.75,25380
2020-10-12,1 wk ahead inc case,2020-10-17,06,quantile,0.9,28383
2020-10-12,1 wk ahead inc case,2020-10-17,06,quantile,0.975,32829
2020-10-12,1 wk ahead inc case,2020-10-17,08,quantile,0.025,3542
2020-10-12,1 wk ahead inc case,2020-10-17,08,quantile,0.1,4048
2020-10-12,1 wk ahead inc case,2020-10-17,08,quantile,0.25,4774
2020-10-12,1 wk ahead inc case,2020-10-17,08,quantile,0.5,5380
2020-10-12,1 wk ahead inc case,2020-10-17,08,quantile,0.75,6270
2020-10-12,1 wk ahead inc case,2020-10-17,08,quantile,0.9,7082
2020-10-12,1 wk ahead inc case,2020-10-17,08,quantile,0.975,8111
2020-10-12,1 wk ahead inc case,2020-10-17,09,quantile,0.025,980
2020-10-12,1 wk ahead inc case,2020-10-17,09,quantile,0.1,1230
2020-10-12,1 wk ahead inc case,2020-10-17,09,quantile,0.25,1424
2020-10-12,1 wk ahead inc case,2020-10-17,09,quantile,0.5,1672
2020-10-12,1 wk ahead inc case,2020-10-17,09,quantile,0.75,2212
2020-10-12,1 wk ahead inc case,2020-10-17,09,quantile,0.9,2848
2020-10-12,1 wk ahead inc case,2020-10-17,09,quantile,0.975,3818
2020-10-12,1 wk ahead inc case,2020-10-17,10,quantile,0.025,607
2020-10-12,1 wk ahead inc case,2020-10-17,10,quantile,0.1,662
2020-10-12,1 wk ahead inc case,2020-10-17,10,quantile,0.25,765
2020-10-12,1 wk ahead inc case,2020-10-17,10,quantile,0.5,873
2020-10-12,1 wk ahead inc case,2020-10-17,10,quantile,0.75,1035
2020-10-12,1 wk ahead inc case,2020-10-17,10,quantile,0.9,1241
2020-10-12,1 wk ahead inc case,2020-10-17,10,quantile,0.975,1495
2020-10-12,1 wk ahead inc case,2020-10-17,11,quantile,0.025,241
2020-10-12,1 wk ahead inc case,2020-10-17,11,quantile,0.1,275
2020-10-12,1 wk ahead inc case,2020-10-17,11,quantile,0.25,356
2020-10-12,1 wk ahead inc case,2020-10-17,11,quantile,0.5,426
2020-10-12,1 wk ahead inc case,2020-10-17,11,quantile,0.75,526
2020-10-12,1 wk ahead inc case,2020-10-17,11,quantile,0.9,671
2020-10-12,1 wk ahead inc case,2020-10-17,11,quantile,0.975,869
2020-10-12,1 wk ahead inc case,2020-10-17,12,quantile,0.025,12613
2020-10-12,1 wk ahead inc case,2020-10-17,12,quantile,0.1,13087
2020-10-12,1 wk ahead inc case,2020-10-17,12,quantile,0.25,14543
2020-10-12,1 wk ahead inc case,2020-10-17,12,quantile,0.5,17218
2020-10-12,1 wk ahead inc case,2020-10-17,12,quantile,0.75,20901
2020-10-12,1 wk ahead inc case,2020-10-17,12,quantile,0.9,24474
2020-10-12,1 wk ahead inc case,2020-10-17,12,quantile,0.975,30202
2020-10-12,1 wk ahead inc case,2020-10-17,13,quantile,0.025,5992
2020-10-12,1 wk ahead inc case,2020-10-17,13,quantile,0.1,6520
2020-10-12,1 wk ahead inc case,2020-10-17,13,quantile,0.25,7125
2020-10-12,1 wk ahead inc case,2020-10-17,13,quantile,0.5,8018
2020-10-12,1 wk ahead inc case,2020-10-17,13,quantile,0.75,9208
2020-10-12,1 wk ahead inc case,2020-10-17,13,quantile,0.9,10356
2020-10-12,1 wk ahead inc case,2020-10-17,13,quantile,0.975,12296
2020-10-12,1 wk ahead inc case,2020-10-17,15,quantile,0.025,400
2020-10-12,1 wk ahead inc case,2020-10-17,15,quantile,0.1,455
2020-10-12,1 wk ahead inc case,2020-10-17,15,quantile,0.25,562
2020-10-12,1 wk ahead inc case,2020-10-17,15,quantile,0.5,668
2020-10-12,1 wk ahead inc case,2020-10-17,15,quantile,0.75,800
2020-10-12,1 wk ahead inc case,2020-10-17,15,quantile,0.9,987
2020-10-12,1 wk ahead inc case,2020-10-17,15,quantile,0.975,1303
2020-10-12,1 wk ahead inc case,2020-10-17,16,quantile,0.025,2661
2020-10-12,1 wk ahead inc case,2020-10-17,16,quantile,0.1,3019
2020-10-12,1 wk ahead inc case,2020-10-17,16,quantile,0.25,3500
2020-10-12,1 wk ahead inc case,2020-10-17,16,quantile,0.5,3848
2020-10-12,1 wk ahead inc case,2020-10-17,16,quantile,0.75,4374
2020-10-12,1 wk ahead inc case,2020-10-17,16,quantile,0.9,4928
2020-10-12,1 wk ahead inc case,2020-10-17,16,quantile,0.975,5877
2020-10-12,1 wk ahead inc case,2020-10-17,17,quantile,0.025,11241
2020-10-12,1 wk ahead inc case,2020-10-17,17,quantile,0.1,13076
2020-10-12,1 wk ahead inc case,2020-10-17,17,quantile,0.25,15496
2020-10-12,1 wk ahead inc case,2020-10-17,17,quantile,0.5,17227
2020-10-12,1 wk ahead inc case,2020-10-17,17,quantile,0.75,19012
2020-10-12,1 wk ahead inc case,2020-10-17,17,quantile,0.9,21223
2020-10-12,1 wk ahead inc case,2020-10-17,17,quantile,0.975,24669
2020-10-12,1 wk ahead inc case,2020-10-17,18,quantile,0.025,6293
2020-10-12,1 wk ahead inc case,2020-10-17,18,quantile,0.1,7314
2020-10-12,1 wk ahead inc case,2020-10-17,18,quantile,0.25,8822
2020-10-12,1 wk ahead inc case,2020-10-17,18,quantile,0.5,10155
2020-10-12,1 wk ahead inc case,2020-10-17,18,quantile,0.75,11476
2020-10-12,1 wk ahead inc case,2020-10-17,18,quantile,0.9,13046
2020-10-12,1 wk ahead inc case,2020-10-17,18,quantile,0.975,14673
2020-10-12,1 wk ahead inc case,2020-10-17,19,quantile,0.025,4804
2020-10-12,1 wk ahead inc case,2020-10-17,19,quantile,0.1,5307
2020-10-12,1 wk ahead inc case,2020-10-17,19,quantile,0.25,6087
2020-10-12,1 wk ahead inc case,2020-10-17,19,quantile,0.5,6952
2020-10-12,1 wk ahead inc case,2020-10-17,19,quantile,0.75,8056
2020-10-12,1 wk ahead inc case,2020-10-17,19,quantile,0.9,8906
2020-10-12,1 wk ahead inc case,2020-10-17,19,quantile,0.975,10944
2020-10-12,1 wk ahead inc case,2020-10-17,20,quantile,0.025,3294
2020-10-12,1 wk ahead inc case,2020-10-17,20,quantile,0.1,3637
2020-10-12,1 wk ahead inc case,2020-10-17,20,quantile,0.25,3908
2020-10-12,1 wk ahead inc case,2020-10-17,20,quantile,0.5,4340
2020-10-12,1 wk ahead inc case,2020-10-17,20,quantile,0.75,4983
2020-10-12,1 wk ahead inc case,2020-10-17,20,quantile,0.9,5685
2020-10-12,1 wk ahead inc case,2020-10-17,20,quantile,0.975,7249
2020-10-12,1 wk ahead inc case,2020-10-17,21,quantile,0.025,5149
2020-10-12,1 wk ahead inc case,2020-10-17,21,quantile,0.1,5910
2020-10-12,1 wk ahead inc case,2020-10-17,21,quantile,0.25,6621
2020-10-12,1 wk ahead inc case,2020-10-17,21,quantile,0.5,7429
2020-10-12,1 wk ahead inc case,2020-10-17,21,quantile,0.75,8400
2020-10-12,1 wk ahead inc case,2020-10-17,21,quantile,0.9,9313
2020-10-12,1 wk ahead inc case,2020-10-17,21,quantile,0.975,11389
2020-10-12,1 wk ahead inc case,2020-10-17,22,quantile,0.025,2590
2020-10-12,1 wk ahead inc case,2020-10-17,22,quantile,0.1,2869
2020-10-12,1 wk ahead inc case,2020-10-17,22,quantile,0.25,3176
2020-10-12,1 wk ahead inc case,2020-10-17,22,quantile,0.5,3606
2020-10-12,1 wk ahead inc case,2020-10-17,22,quantile,0.75,4491
2020-10-12,1 wk ahead inc case,2020-10-17,22,quantile,0.9,5776
2020-10-12,1 wk ahead inc case,2020-10-17,22,quantile,0.975,7067
2020-10-12,1 wk ahead inc case,2020-10-17,23,quantile,0.025,154
2020-10-12,1 wk ahead inc case,2020-10-17,23,quantile,0.1,173
2020-10-12,1 wk ahead inc case,2020-10-17,23,quantile,0.25,195
2020-10-12,1 wk ahead inc case,2020-10-17,23,quantile,0.5,218
2020-10-12,1 wk ahead inc case,2020-10-17,23,quantile,0.75,308
2020-10-12,1 wk ahead inc case,2020-10-17,23,quantile,0.9,379
2020-10-12,1 wk ahead inc case,2020-10-17,23,quantile,0.975,516
2020-10-12,1 wk ahead inc case,2020-10-17,24,quantile,0.025,2736
2020-10-12,1 wk ahead inc case,2020-10-17,24,quantile,0.1,3122
2020-10-12,1 wk ahead inc case,2020-10-17,24,quantile,0.25,3553
2020-10-12,1 wk ahead inc case,2020-10-17,24,quantile,0.5,4021
2020-10-12,1 wk ahead inc case,2020-10-17,24,quantile,0.75,4666
2020-10-12,1 wk ahead inc case,2020-10-17,24,quantile,0.9,5360
2020-10-12,1 wk ahead inc case,2020-10-17,24,quantile,0.975,6387
2020-10-12,1 wk ahead inc case,2020-10-17,25,quantile,0.025,2832
2020-10-12,1 wk ahead inc case,2020-10-17,25,quantile,0.1,3165
2020-10-12,1 wk ahead inc case,2020-10-17,25,quantile,0.25,3621
2020-10-12,1 wk ahead inc case,2020-10-17,25,quantile,0.5,4055
2020-10-12,1 wk ahead inc case,2020-10-17,25,quantile,0.75,4698
2020-10-12,1 wk ahead inc case,2020-10-17,25,quantile,0.9,5440
2020-10-12,1 wk ahead inc case,2020-10-17,25,quantile,0.975,6304
2020-10-12,1 wk ahead inc case,2020-10-17,26,quantile,0.025,5156
2020-10-12,1 wk ahead inc case,2020-10-17,26,quantile,0.1,6129
2020-10-12,1 wk ahead inc case,2020-10-17,26,quantile,0.25,6900
2020-10-12,1 wk ahead inc case,2020-10-17,26,quantile,0.5,7930
2020-10-12,1 wk ahead inc case,2020-10-17,26,quantile,0.75,9118
2020-10-12,1 wk ahead inc case,2020-10-17,26,quantile,0.9,10336
2020-10-12,1 wk ahead inc case,2020-10-17,26,quantile,0.975,12258
2020-10-12,1 wk ahead inc case,2020-10-17,27,quantile,0.025,5636
2020-10-12,1 wk ahead inc case,2020-10-17,27,quantile,0.1,6447
2020-10-12,1 wk ahead inc case,2020-10-17,27,quantile,0.25,7584
2020-10-12,1 wk ahead inc case,2020-10-17,27,quantile,0.5,8621
2020-10-12,1 wk ahead inc case,2020-10-17,27,quantile,0.75,9598
2020-10-12,1 wk ahead inc case,2020-10-17,27,quantile,0.9,10544
2020-10-12,1 wk ahead inc case,2020-10-17,27,quantile,0.975,12024
2020-10-12,1 wk ahead inc case,2020-10-17,28,quantile,0.025,2647
2020-10-12,1 wk ahead inc case,2020-10-17,28,quantile,0.1,3042
2020-10-12,1 wk ahead inc case,2020-10-17,28,quantile,0.25,3539
2020-10-12,1 wk ahead inc case,2020-10-17,28,quantile,0.5,4154
2020-10-12,1 wk ahead inc case,2020-10-17,28,quantile,0.75,4991
2020-10-12,1 wk ahead inc case,2020-10-17,28,quantile,0.9,5744
2020-10-12,1 wk ahead inc case,2020-10-17,28,quantile,0.975,6896
2020-10-12,1 wk ahead inc case,2020-10-17,29,quantile,0.025,7152
2020-10-12,1 wk ahead inc case,2020-10-17,29,quantile,0.1,8156
2020-10-12,1 wk ahead inc case,2020-10-17,29,quantile,0.25,9379
2020-10-12,1 wk ahead inc case,2020-10-17,29,quantile,0.5,10292
2020-10-12,1 wk ahead inc case,2020-10-17,29,quantile,0.75,12311
2020-10-12,1 wk ahead inc case,2020-10-17,29,quantile,0.9,15097
2020-10-12,1 wk ahead inc case,2020-10-17,29,quantile,0.975,18415
2020-10-12,1 wk ahead inc case,2020-10-17,30,quantile,0.025,2568
2020-10-12,1 wk ahead inc case,2020-10-17,30,quantile,0.1,3019
2020-10-12,1 wk ahead inc case,2020-10-17,30,quantile,0.25,3665
2020-10-12,1 wk ahead inc case,2020-10-17,30,quantile,0.5,4225
2020-10-12,1 wk ahead inc case,2020-10-17,30,quantile,0.75,4774
2020-10-12,1 wk ahead inc case,2020-10-17,30,quantile,0.9,5263
2020-10-12,1 wk ahead inc case,2020-10-17,30,quantile,0.975,6501
2020-10-12,1 wk ahead inc case,2020-10-17,31,quantile,0.025,2646
2020-10-12,1 wk ahead inc case,2020-10-17,31,quantile,0.1,3081
2020-10-12,1 wk ahead inc case,2020-10-17,31,quantile,0.25,3696
2020-10-12,1 wk ahead inc case,2020-10-17,31,quantile,0.5,4237
2020-10-12,1 wk ahead inc case,2020-10-17,31,quantile,0.75,5093
2020-10-12,1 wk ahead inc case,2020-10-17,31,quantile,0.9,5951
2020-10-12,1 wk ahead inc case,2020-10-17,31,quantile,0.975,7097
2020-10-12,1 wk ahead inc case,2020-10-17,32,quantile,0.025,2210
2020-10-12,1 wk ahead inc case,2020-10-17,32,quantile,0.1,2516
2020-10-12,1 wk ahead inc case,2020-10-17,32,quantile,0.25,3071
2020-10-12,1 wk ahead inc case,2020-10-17,32,quantile,0.5,3895
2020-10-12,1 wk ahead inc case,2020-10-17,32,quantile,0.75,4965
2020-10-12,1 wk ahead inc case,2020-10-17,32,quantile,0.9,5517
2020-10-12,1 wk ahead inc case,2020-10-17,32,quantile,0.975,6530
2020-10-12,1 wk ahead inc case,2020-10-17,33,quantile,0.025,298
2020-10-12,1 wk ahead inc case,2020-10-17,33,quantile,0.1,354
2020-10-12,1 wk ahead inc case,2020-10-17,33,quantile,0.25,437
2020-10-12,1 wk ahead inc case,2020-10-17,33,quantile,0.5,527
2020-10-12,1 wk ahead inc case,2020-10-17,33,quantile,0.75,738
2020-10-12,1 wk ahead inc case,2020-10-17,33,quantile,0.9,1000
2020-10-12,1 wk ahead inc case,2020-10-17,33,quantile,0.975,1242
2020-10-12,1 wk ahead inc case,2020-10-17,34,quantile,0.025,3627
2020-10-12,1 wk ahead inc case,2020-10-17,34,quantile,0.1,4189
2020-10-12,1 wk ahead inc case,2020-10-17,34,quantile,0.25,4792
2020-10-12,1 wk ahead inc case,2020-10-17,34,quantile,0.5,5523
2020-10-12,1 wk ahead inc case,2020-10-17,34,quantile,0.75,6587
2020-10-12,1 wk ahead inc case,2020-10-17,34,quantile,0.9,7681
2020-10-12,1 wk ahead inc case,2020-10-17,34,quantile,0.975,8996
2020-10-12,1 wk ahead inc case,2020-10-17,35,quantile,0.025,1527
2020-10-12,1 wk ahead inc case,2020-10-17,35,quantile,0.1,1777
2020-10-12,1 wk ahead inc case,2020-10-17,35,quantile,0.25,2151
2020-10-12,1 wk ahead inc case,2020-10-17,35,quantile,0.5,2627
2020-10-12,1 wk ahead inc case,2020-10-17,35,quantile,0.75,3338
2020-10-12,1 wk ahead inc case,2020-10-17,35,quantile,0.9,3958
2020-10-12,1 wk ahead inc case,2020-10-17,35,quantile,0.975,4465
2020-10-12,1 wk ahead inc case,2020-10-17,36,quantile,0.025,6011
2020-10-12,1 wk ahead inc case,2020-10-17,36,quantile,0.1,7323
2020-10-12,1 wk ahead inc case,2020-10-17,36,quantile,0.25,8689
2020-10-12,1 wk ahead inc case,2020-10-17,36,quantile,0.5,10583
2020-10-12,1 wk ahead inc case,2020-10-17,36,quantile,0.75,12370
2020-10-12,1 wk ahead inc case,2020-10-17,36,quantile,0.9,14261
2020-10-12,1 wk ahead inc case,2020-10-17,36,quantile,0.975,15736
2020-10-12,1 wk ahead inc case,2020-10-17,37,quantile,0.025,8651
2020-10-12,1 wk ahead inc case,2020-10-17,37,quantile,0.1,10057
2020-10-12,1 wk ahead inc case,2020-10-17,37,quantile,0.25,11811
2020-10-12,1 wk ahead inc case,2020-10-17,37,quantile,0.5,13753
2020-10-12,1 wk ahead inc case,2020-10-17,37,quantile,0.75,16173
2020-10-12,1 wk ahead inc case,2020-10-17,37,quantile,0.9,17785
2020-10-12,1 wk ahead inc case,2020-10-17,37,quantile,0.975,20070
2020-10-12,1 wk ahead inc case,2020-10-17,38,quantile,0.025,2398
2020-10-12,1 wk ahead inc case,2020-10-17,38,quantile,0.1,2674
2020-10-12,1 wk ahead inc case,2020-10-17,38,quantile,0.25,3193
2020-10-12,1 wk ahead inc case,2020-10-17,38,quantile,0.5,3767
2020-10-12,1 wk ahead inc case,2020-10-17,38,quantile,0.75,4285
2020-10-12,1 wk ahead inc case,2020-10-17,38,quantile,0.9,4818
2020-10-12,1 wk ahead inc case,2020-10-17,38,quantile,0.975,5632
2020-10-12,1 wk ahead inc case,2020-10-17,39,quantile,0.025,6902
2020-10-12,1 wk ahead inc case,2020-10-17,39,quantile,0.1,7881
2020-10-12,1 wk ahead inc case,2020-10-17,39,quantile,0.25,9024
2020-10-12,1 wk ahead inc case,2020-10-17,39,quantile,0.5,10672
2020-10-12,1 wk ahead inc case,2020-10-17,39,quantile,0.75,12404
2020-10-12,1 wk ahead inc case,2020-10-17,39,quantile,0.9,13551
2020-10-12,1 wk ahead inc case,2020-10-17,39,quantile,0.975,14951
2020-10-12,1 wk ahead inc case,2020-10-17,40,quantile,0.025,5691
2020-10-12,1 wk ahead inc case,2020-10-17,40,quantile,0.1,6357
2020-10-12,1 wk ahead inc case,2020-10-17,40,quantile,0.25,7227
2020-10-12,1 wk ahead inc case,2020-10-17,40,quantile,0.5,8195
2020-10-12,1 wk ahead inc case,2020-10-17,40,quantile,0.75,9481
2020-10-12,1 wk ahead inc case,2020-10-17,40,quantile,0.9,10434
2020-10-12,1 wk ahead inc case,2020-10-17,40,quantile,0.975,12134
2020-10-12,1 wk ahead inc case,2020-10-17,41,quantile,0.025,1719
2020-10-12,1 wk ahead inc case,2020-10-17,41,quantile,0.1,1946
2020-10-12,1 wk ahead inc case,2020-10-17,41,quantile,0.25,2236
2020-10-12,1 wk ahead inc case,2020-10-17,41,quantile,0.5,2570
2020-10-12,1 wk ahead inc case,2020-10-17,41,quantile,0.75,2973
2020-10-12,1 wk ahead inc case,2020-10-17,41,quantile,0.9,3350
2020-10-12,1 wk ahead inc case,2020-10-17,41,quantile,0.975,3970
2020-10-12,1 wk ahead inc case,2020-10-17,42,quantile,0.025,6117
2020-10-12,1 wk ahead inc case,2020-10-17,42,quantile,0.1,6950
2020-10-12,1 wk ahead inc case,2020-10-17,42,quantile,0.25,7998
2020-10-12,1 wk ahead inc case,2020-10-17,42,quantile,0.5,9439
2020-10-12,1 wk ahead inc case,2020-10-17,42,quantile,0.75,10742
2020-10-12,1 wk ahead inc case,2020-10-17,42,quantile,0.9,11879
2020-10-12,1 wk ahead inc case,2020-10-17,42,quantile,0.975,13055
2020-10-12,1 wk ahead inc case,2020-10-17,44,quantile,0.025,601
2020-10-12,1 wk ahead inc case,2020-10-17,44,quantile,0.1,722
2020-10-12,1 wk ahead inc case,2020-10-17,44,quantile,0.25,842
2020-10-12,1 wk ahead inc case,2020-10-17,44,quantile,0.5,1043
2020-10-12,1 wk ahead inc case,2020-10-17,44,quantile,0.75,1305
2020-10-12,1 wk ahead inc case,2020-10-17,44,quantile,0.9,1674
2020-10-12,1 wk ahead inc case,2020-10-17,44,quantile,0.975,2267
2020-10-12,1 wk ahead inc case,2020-10-17,45,quantile,0.025,4421
2020-10-12,1 wk ahead inc case,2020-10-17,45,quantile,0.1,4821
2020-10-12,1 wk ahead inc case,2020-10-17,45,quantile,0.25,5243
2020-10-12,1 wk ahead inc case,2020-10-17,45,quantile,0.5,5870
2020-10-12,1 wk ahead inc case,2020-10-17,45,quantile,0.75,7162
2020-10-12,1 wk ahead inc case,2020-10-17,45,quantile,0.9,8141
2020-10-12,1 wk ahead inc case,2020-10-17,45,quantile,0.975,9469
2020-10-12,1 wk ahead inc case,2020-10-17,46,quantile,0.025,2654
2020-10-12,1 wk ahead inc case,2020-10-17,46,quantile,0.1,2995
2020-10-12,1 wk ahead inc case,2020-10-17,46,quantile,0.25,3566
2020-10-12,1 wk ahead inc case,2020-10-17,46,quantile,0.5,4198
2020-10-12,1 wk ahead inc case,2020-10-17,46,quantile,0.75,4839
2020-10-12,1 wk ahead inc case,2020-10-17,46,quantile,0.9,5397
2020-10-12,1 wk ahead inc case,2020-10-17,46,quantile,0.975,6673
2020-10-12,1 wk ahead inc case,2020-10-17,47,quantile,0.025,8396
2020-10-12,1 wk ahead inc case,2020-10-17,47,quantile,0.1,9333
2020-10-12,1 wk ahead inc case,2020-10-17,47,quantile,0.25,10917
2020-10-12,1 wk ahead inc case,2020-10-17,47,quantile,0.5,12032
2020-10-12,1 wk ahead inc case,2020-10-17,47,quantile,0.75,13218
2020-10-12,1 wk ahead inc case,2020-10-17,47,quantile,0.9,14726
2020-10-12,1 wk ahead inc case,2020-10-17,47,quantile,0.975,17234
2020-10-12,1 wk ahead inc case,2020-10-17,48,quantile,0.025,22946
2020-10-12,1 wk ahead inc case,2020-10-17,48,quantile,0.1,25384
2020-10-12,1 wk ahead inc case,2020-10-17,48,quantile,0.25,26655
2020-10-12,1 wk ahead inc case,2020-10-17,48,quantile,0.5,28348
2020-10-12,1 wk ahead inc case,2020-10-17,48,quantile,0.75,31563
2020-10-12,1 wk ahead inc case,2020-10-17,48,quantile,0.9,34684
2020-10-12,1 wk ahead inc case,2020-10-17,48,quantile,0.975,40593
2020-10-12,1 wk ahead inc case,2020-10-17,49,quantile,0.025,5214
2020-10-12,1 wk ahead inc case,2020-10-17,49,quantile,0.1,5937
2020-10-12,1 wk ahead inc case,2020-10-17,49,quantile,0.25,6800
2020-10-12,1 wk ahead inc case,2020-10-17,49,quantile,0.5,7918
2020-10-12,1 wk ahead inc case,2020-10-17,49,quantile,0.75,9809
2020-10-12,1 wk ahead inc case,2020-10-17,49,quantile,0.9,11537
2020-10-12,1 wk ahead inc case,2020-10-17,49,quantile,0.975,13193
2020-10-12,1 wk ahead inc case,2020-10-17,50,quantile,0.025,36
2020-10-12,1 wk ahead inc case,2020-10-17,50,quantile,0.1,41
2020-10-12,1 wk ahead inc case,2020-10-17,50,quantile,0.25,57
2020-10-12,1 wk ahead inc case,2020-10-17,50,quantile,0.5,70
2020-10-12,1 wk ahead inc case,2020-10-17,50,quantile,0.75,92
2020-10-12,1 wk ahead inc case,2020-10-17,50,quantile,0.9,125
2020-10-12,1 wk ahead inc case,2020-10-17,50,quantile,0.975,186
2020-10-12,1 wk ahead inc case,2020-10-17,51,quantile,0.025,4785
2020-10-12,1 wk ahead inc case,2020-10-17,51,quantile,0.1,5411
2020-10-12,1 wk ahead inc case,2020-10-17,51,quantile,0.25,6167
2020-10-12,1 wk ahead inc case,2020-10-17,51,quantile,0.5,6778
2020-10-12,1 wk ahead inc case,2020-10-17,51,quantile,0.75,7859
2020-10-12,1 wk ahead inc case,2020-10-17,51,quantile,0.9,9003
2020-10-12,1 wk ahead inc case,2020-10-17,51,quantile,0.975,10520
2020-10-12,1 wk ahead inc case,2020-10-17,53,quantile,0.025,2358
2020-10-12,1 wk ahead inc case,2020-10-17,53,quantile,0.1,2736
2020-10-12,1 wk ahead inc case,2020-10-17,53,quantile,0.25,2966
2020-10-12,1 wk ahead inc case,2020-10-17,53,quantile,0.5,3280
2020-10-12,1 wk ahead inc case,2020-10-17,53,quantile,0.75,3901
2020-10-12,1 wk ahead inc case,2020-10-17,53,quantile,0.9,4613
2020-10-12,1 wk ahead inc case,2020-10-17,53,quantile,0.975,5705
2020-10-12,1 wk ahead inc case,2020-10-17,54,quantile,0.025,1078
2020-10-12,1 wk ahead inc case,2020-10-17,54,quantile,0.1,1182
2020-10-12,1 wk ahead inc case,2020-10-17,54,quantile,0.25,1350
2020-10-12,1 wk ahead inc case,2020-10-17,54,quantile,0.5,1532
2020-10-12,1 wk ahead inc case,2020-10-17,54,quantile,0.75,1802
2020-10-12,1 wk ahead inc case,2020-10-17,54,quantile,0.9,2054
2020-10-12,1 wk ahead inc case,2020-10-17,54,quantile,0.975,2451
2020-10-12,1 wk ahead inc case,2020-10-17,55,quantile,0.025,12838
2020-10-12,1 wk ahead inc case,2020-10-17,55,quantile,0.1,14245
2020-10-12,1 wk ahead inc case,2020-10-17,55,quantile,0.25,16157
2020-10-12,1 wk ahead inc case,2020-10-17,55,quantile,0.5,18175
2020-10-12,1 wk ahead inc case,2020-10-17,55,quantile,0.75,20420
2020-10-12,1 wk ahead inc case,2020-10-17,55,quantile,0.9,22408
2020-10-12,1 wk ahead inc case,2020-10-17,55,quantile,0.975,25932
2020-10-12,1 wk ahead inc case,2020-10-17,56,quantile,0.025,784
2020-10-12,1 wk ahead inc case,2020-10-17,56,quantile,0.1,861
2020-10-12,1 wk ahead inc case,2020-10-17,56,quantile,0.25,989
2020-10-12,1 wk ahead inc case,2020-10-17,56,quantile,0.5,1117
2020-10-12,1 wk ahead inc case,2020-10-17,56,quantile,0.75,1298
2020-10-12,1 wk ahead inc case,2020-10-17,56,quantile,0.9,1451
2020-10-12,1 wk ahead inc case,2020-10-17,56,quantile,0.975,1812
2020-10-12,1 wk ahead inc case,2020-10-17,60,quantile,0.025,0
2020-10-12,1 wk ahead inc case,2020-10-17,60,quantile,0.1,0
2020-10-12,1 wk ahead inc case,2020-10-17,60,quantile,0.25,0
2020-10-12,1 wk ahead inc case,2020-10-17,60,quantile,0.5,0
2020-10-12,1 wk ahead inc case,2020-10-17,60,quantile,0.75,1
2020-10-12,1 wk ahead inc case,2020-10-17,60,quantile,0.9,2
2020-10-12,1 wk ahead inc case,2020-10-17,60,quantile,0.975,6
2020-10-12,1 wk ahead inc case,2020-10-17,66,quantile,0.025,206
2020-10-12,1 wk ahead inc case,2020-10-17,66,quantile,0.1,223
2020-10-12,1 wk ahead inc case,2020-10-17,66,quantile,0.25,250
2020-10-12,1 wk ahead inc case,2020-10-17,66,quantile,0.5,301
2020-10-12,1 wk ahead inc case,2020-10-17,66,quantile,0.75,372
2020-10-12,1 wk ahead inc case,2020-10-17,66,quantile,0.9,470
2020-10-12,1 wk ahead inc case,2020-10-17,66,quantile,0.975,713
2020-10-12,1 wk ahead inc case,2020-10-17,69,quantile,0.025,0
2020-10-12,1 wk ahead inc case,2020-10-17,69,quantile,0.1,0
2020-10-12,1 wk ahead inc case,2020-10-17,69,quantile,0.25,1
2020-10-12,1 wk ahead inc case,2020-10-17,69,quantile,0.5,2
2020-10-12,1 wk ahead inc case,2020-10-17,69,quantile,0.75,5
2020-10-12,1 wk ahead inc case,2020-10-17,69,quantile,0.9,10
2020-10-12,1 wk ahead inc case,2020-10-17,69,quantile,0.975,20
2020-10-12,1 wk ahead inc case,2020-10-17,72,quantile,0.025,2097
2020-10-12,1 wk ahead inc case,2020-10-17,72,quantile,0.1,2260
2020-10-12,1 wk ahead inc case,2020-10-17,72,quantile,0.25,2510
2020-10-12,1 wk ahead inc case,2020-10-17,72,quantile,0.5,3044
2020-10-12,1 wk ahead inc case,2020-10-17,72,quantile,0.75,3795
2020-10-12,1 wk ahead inc case,2020-10-17,72,quantile,0.9,4423
2020-10-12,1 wk ahead inc case,2020-10-17,72,quantile,0.975,5648
2020-10-12,1 wk ahead inc case,2020-10-17,78,quantile,0.025,1
2020-10-12,1 wk ahead inc case,2020-10-17,78,quantile,0.1,1
2020-10-12,1 wk ahead inc case,2020-10-17,78,quantile,0.25,1
2020-10-12,1 wk ahead inc case,2020-10-17,78,quantile,0.5,4
2020-10-12,1 wk ahead inc case,2020-10-17,78,quantile,0.75,14
2020-10-12,1 wk ahead inc case,2020-10-17,78,quantile,0.9,29
2020-10-12,1 wk ahead inc case,2020-10-17,78,quantile,0.975,70
2020-10-12,2 wk ahead inc case,2020-10-24,01,quantile,0.025,4224
2020-10-12,2 wk ahead inc case,2020-10-24,01,quantile,0.1,4636
2020-10-12,2 wk ahead inc case,2020-10-24,01,quantile,0.25,5261
2020-10-12,2 wk ahead inc case,2020-10-24,01,quantile,0.5,5727
2020-10-12,2 wk ahead inc case,2020-10-24,01,quantile,0.75,6728
2020-10-12,2 wk ahead inc case,2020-10-24,01,quantile,0.9,8386
2020-10-12,2 wk ahead inc case,2020-10-24,01,quantile,0.975,10431
2020-10-12,2 wk ahead inc case,2020-10-24,02,quantile,0.025,738
2020-10-12,2 wk ahead inc case,2020-10-24,02,quantile,0.1,886
2020-10-12,2 wk ahead inc case,2020-10-24,02,quantile,0.25,1166
2020-10-12,2 wk ahead inc case,2020-10-24,02,quantile,0.5,1519
2020-10-12,2 wk ahead inc case,2020-10-24,02,quantile,0.75,1858
2020-10-12,2 wk ahead inc case,2020-10-24,02,quantile,0.9,2152
2020-10-12,2 wk ahead inc case,2020-10-24,02,quantile,0.975,2578
2020-10-12,2 wk ahead inc case,2020-10-24,04,quantile,0.025,2585
2020-10-12,2 wk ahead inc case,2020-10-24,04,quantile,0.1,2943
2020-10-12,2 wk ahead inc case,2020-10-24,04,quantile,0.25,3689
2020-10-12,2 wk ahead inc case,2020-10-24,04,quantile,0.5,4942
2020-10-12,2 wk ahead inc case,2020-10-24,04,quantile,0.75,6659
2020-10-12,2 wk ahead inc case,2020-10-24,04,quantile,0.9,8546
2020-10-12,2 wk ahead inc case,2020-10-24,04,quantile,0.975,10039
2020-10-12,2 wk ahead inc case,2020-10-24,05,quantile,0.025,4172
2020-10-12,2 wk ahead inc case,2020-10-24,05,quantile,0.1,4650
2020-10-12,2 wk ahead inc case,2020-10-24,05,quantile,0.25,5162
2020-10-12,2 wk ahead inc case,2020-10-24,05,quantile,0.5,5910
2020-10-12,2 wk ahead inc case,2020-10-24,05,quantile,0.75,6941
2020-10-12,2 wk ahead inc case,2020-10-24,05,quantile,0.9,7812
2020-10-12,2 wk ahead inc case,2020-10-24,05,quantile,0.975,9322
2020-10-12,2 wk ahead inc case,2020-10-24,06,quantile,0.025,14142
2020-10-12,2 wk ahead inc case,2020-10-24,06,quantile,0.1,16358
2020-10-12,2 wk ahead inc case,2020-10-24,06,quantile,0.25,19275
2020-10-12,2 wk ahead inc case,2020-10-24,06,quantile,0.5,22729
2020-10-12,2 wk ahead inc case,2020-10-24,06,quantile,0.75,26739
2020-10-12,2 wk ahead inc case,2020-10-24,06,quantile,0.9,30776
2020-10-12,2 wk ahead inc case,2020-10-24,06,quantile,0.975,36696
2020-10-12,2 wk ahead inc case,2020-10-24,08,quantile,0.025,3276
2020-10-12,2 wk ahead inc case,2020-10-24,08,quantile,0.1,3850
2020-10-12,2 wk ahead inc case,2020-10-24,08,quantile,0.25,4837
2020-10-12,2 wk ahead inc case,2020-10-24,08,quantile,0.5,5828
2020-10-12,2 wk ahead inc case,2020-10-24,08,quantile,0.75,7038
2020-10-12,2 wk ahead inc case,2020-10-24,08,quantile,0.9,8232
2020-10-12,2 wk ahead inc case,2020-10-24,08,quantile,0.975,9488
2020-10-12,2 wk ahead inc case,2020-10-24,09,quantile,0.025,821
2020-10-12,2 wk ahead inc case,2020-10-24,09,quantile,0.1,1043
2020-10-12,2 wk ahead inc case,2020-10-24,09,quantile,0.25,1296
2020-10-12,2 wk ahead inc case,2020-10-24,09,quantile,0.5,1712
2020-10-12,2 wk ahead inc case,2020-10-24,09,quantile,0.75,2356
2020-10-12,2 wk ahead inc case,2020-10-24,09,quantile,0.9,3192
2020-10-12,2 wk ahead inc case,2020-10-24,09,quantile,0.975,4282
2020-10-12,2 wk ahead inc case,2020-10-24,10,quantile,0.025,562
2020-10-12,2 wk ahead inc case,2020-10-24,10,quantile,0.1,602
2020-10-12,2 wk ahead inc case,2020-10-24,10,quantile,0.25,708
2020-10-12,2 wk ahead inc case,2020-10-24,10,quantile,0.5,859
2020-10-12,2 wk ahead inc case,2020-10-24,10,quantile,0.75,1076
2020-10-12,2 wk ahead inc case,2020-10-24,10,quantile,0.9,1381
2020-10-12,2 wk ahead inc case,2020-10-24,10,quantile,0.975,1692
2020-10-12,2 wk ahead inc case,2020-10-24,11,quantile,0.025,226
2020-10-12,2 wk ahead inc case,2020-10-24,11,quantile,0.1,268
2020-10-12,2 wk ahead inc case,2020-10-24,11,quantile,0.25,375
2020-10-12,2 wk ahead inc case,2020-10-24,11,quantile,0.5,468
2020-10-12,2 wk ahead inc case,2020-10-24,11,quantile,0.75,597
2020-10-12,2 wk ahead inc case,2020-10-24,11,quantile,0.9,771
2020-10-12,2 wk ahead inc case,2020-10-24,11,quantile,0.975,978
2020-10-12,2 wk ahead inc case,2020-10-24,12,quantile,0.025,11362
2020-10-12,2 wk ahead inc case,2020-10-24,12,quantile,0.1,11488
2020-10-12,2 wk ahead inc case,2020-10-24,12,quantile,0.25,12956
2020-10-12,2 wk ahead inc case,2020-10-24,12,quantile,0.5,16050
2020-10-12,2 wk ahead inc case,2020-10-24,12,quantile,0.75,20622
2020-10-12,2 wk ahead inc case,2020-10-24,12,quantile,0.9,25869
2020-10-12,2 wk ahead inc case,2020-10-24,12,quantile,0.975,32542
2020-10-12,2 wk ahead inc case,2020-10-24,13,quantile,0.025,5350
2020-10-12,2 wk ahead inc case,2020-10-24,13,quantile,0.1,5881
2020-10-12,2 wk ahead inc case,2020-10-24,13,quantile,0.25,6619
2020-10-12,2 wk ahead inc case,2020-10-24,13,quantile,0.5,7830
2020-10-12,2 wk ahead inc case,2020-10-24,13,quantile,0.75,9422
2020-10-12,2 wk ahead inc case,2020-10-24,13,quantile,0.9,10923
2020-10-12,2 wk ahead inc case,2020-10-24,13,quantile,0.975,12997
2020-10-12,2 wk ahead inc case,2020-10-24,15,quantile,0.025,354
2020-10-12,2 wk ahead inc case,2020-10-24,15,quantile,0.1,415
2020-10-12,2 wk ahead inc case,2020-10-24,15,quantile,0.25,535
2020-10-12,2 wk ahead inc case,2020-10-24,15,quantile,0.5,674
2020-10-12,2 wk ahead inc case,2020-10-24,15,quantile,0.75,857
2020-10-12,2 wk ahead inc case,2020-10-24,15,quantile,0.9,1087
2020-10-12,2 wk ahead inc case,2020-10-24,15,quantile,0.975,1457
2020-10-12,2 wk ahead inc case,2020-10-24,16,quantile,0.025,2529
2020-10-12,2 wk ahead inc case,2020-10-24,16,quantile,0.1,2871
2020-10-12,2 wk ahead inc case,2020-10-24,16,quantile,0.25,3420
2020-10-12,2 wk ahead inc case,2020-10-24,16,quantile,0.5,3874
2020-10-12,2 wk ahead inc case,2020-10-24,16,quantile,0.75,4552
2020-10-12,2 wk ahead inc case,2020-10-24,16,quantile,0.9,5232
2020-10-12,2 wk ahead inc case,2020-10-24,16,quantile,0.975,6582
2020-10-12,2 wk ahead inc case,2020-10-24,17,quantile,0.025,10144
2020-10-12,2 wk ahead inc case,2020-10-24,17,quantile,0.1,12146
2020-10-12,2 wk ahead inc case,2020-10-24,17,quantile,0.25,15272
2020-10-12,2 wk ahead inc case,2020-10-24,17,quantile,0.5,17583
2020-10-12,2 wk ahead inc case,2020-10-24,17,quantile,0.75,20085
2020-10-12,2 wk ahead inc case,2020-10-24,17,quantile,0.9,23269
2020-10-12,2 wk ahead inc case,2020-10-24,17,quantile,0.975,27205
2020-10-12,2 wk ahead inc case,2020-10-24,18,quantile,0.025,5918
2020-10-12,2 wk ahead inc case,2020-10-24,18,quantile,0.1,7177
2020-10-12,2 wk ahead inc case,2020-10-24,18,quantile,0.25,9168
2020-10-12,2 wk ahead inc case,2020-10-24,18,quantile,0.5,11025
2020-10-12,2 wk ahead inc case,2020-10-24,18,quantile,0.75,13152
2020-10-12,2 wk ahead inc case,2020-10-24,18,quantile,0.9,15222
2020-10-12,2 wk ahead inc case,2020-10-24,18,quantile,0.975,17305
2020-10-12,2 wk ahead inc case,2020-10-24,19,quantile,0.025,4598
2020-10-12,2 wk ahead inc case,2020-10-24,19,quantile,0.1,5068
2020-10-12,2 wk ahead inc case,2020-10-24,19,quantile,0.25,5922
2020-10-12,2 wk ahead inc case,2020-10-24,19,quantile,0.5,6996
2020-10-12,2 wk ahead inc case,2020-10-24,19,quantile,0.75,8425
2020-10-12,2 wk ahead inc case,2020-10-24,19,quantile,0.9,9416
2020-10-12,2 wk ahead inc case,2020-10-24,19,quantile,0.975,11917
2020-10-12,2 wk ahead inc case,2020-10-24,20,quantile,0.025,3115
2020-10-12,2 wk ahead inc case,2020-10-24,20,quantile,0.1,3439
2020-10-12,2 wk ahead inc case,2020-10-24,20,quantile,0.25,3776
2020-10-12,2 wk ahead inc case,2020-10-24,20,quantile,0.5,4390
2020-10-12,2 wk ahead inc case,2020-10-24,20,quantile,0.75,5267
2020-10-12,2 wk ahead inc case,2020-10-24,20,quantile,0.9,6052
2020-10-12,2 wk ahead inc case,2020-10-24,20,quantile,0.975,7800
2020-10-12,2 wk ahead inc case,2020-10-24,21,quantile,0.025,4877
2020-10-12,2 wk ahead inc case,2020-10-24,21,quantile,0.1,5602
2020-10-12,2 wk ahead inc case,2020-10-24,21,quantile,0.25,6516
2020-10-12,2 wk ahead inc case,2020-10-24,21,quantile,0.5,7751
2020-10-12,2 wk ahead inc case,2020-10-24,21,quantile,0.75,9053
2020-10-12,2 wk ahead inc case,2020-10-24,21,quantile,0.9,10431
2020-10-12,2 wk ahead inc case,2020-10-24,21,quantile,0.975,13132
2020-10-12,2 wk ahead inc case,2020-10-24,22,quantile,0.025,2491
2020-10-12,2 wk ahead inc case,2020-10-24,22,quantile,0.1,2739
2020-10-12,2 wk ahead inc case,2020-10-24,22,quantile,0.25,2987
2020-10-12,2 wk ahead inc case,2020-10-24,22,quantile,0.5,3376
2020-10-12,2 wk ahead inc case,2020-10-24,22,quantile,0.75,4556
2020-10-12,2 wk ahead inc case,2020-10-24,22,quantile,0.9,5929
2020-10-12,2 wk ahead inc case,2020-10-24,22,quantile,0.975,7692
2020-10-12,2 wk ahead inc case,2020-10-24,23,quantile,0.025,155
2020-10-12,2 wk ahead inc case,2020-10-24,23,quantile,0.1,170
2020-10-12,2 wk ahead inc case,2020-10-24,23,quantile,0.25,194
2020-10-12,2 wk ahead inc case,2020-10-24,23,quantile,0.5,233
2020-10-12,2 wk ahead inc case,2020-10-24,23,quantile,0.75,342
2020-10-12,2 wk ahead inc case,2020-10-24,23,quantile,0.9,432
2020-10-12,2 wk ahead inc case,2020-10-24,23,quantile,0.975,586
2020-10-12,2 wk ahead inc case,2020-10-24,24,quantile,0.025,2400
2020-10-12,2 wk ahead inc case,2020-10-24,24,quantile,0.1,2811
2020-10-12,2 wk ahead inc case,2020-10-24,24,quantile,0.25,3342
2020-10-12,2 wk ahead inc case,2020-10-24,24,quantile,0.5,4002
2020-10-12,2 wk ahead inc case,2020-10-24,24,quantile,0.75,4938
2020-10-12,2 wk ahead inc case,2020-10-24,24,quantile,0.9,5934
2020-10-12,2 wk ahead inc case,2020-10-24,24,quantile,0.975,7116
2020-10-12,2 wk ahead inc case,2020-10-24,25,quantile,0.025,2493
2020-10-12,2 wk ahead inc case,2020-10-24,25,quantile,0.1,2839
2020-10-12,2 wk ahead inc case,2020-10-24,25,quantile,0.25,3433
2020-10-12,2 wk ahead inc case,2020-10-24,25,quantile,0.5,4147
2020-10-12,2 wk ahead inc case,2020-10-24,25,quantile,0.75,5049
2020-10-12,2 wk ahead inc case,2020-10-24,25,quantile,0.9,6136
2020-10-12,2 wk ahead inc case,2020-10-24,25,quantile,0.975,7270
2020-10-12,2 wk ahead inc case,2020-10-24,26,quantile,0.025,4620
2020-10-12,2 wk ahead inc case,2020-10-24,26,quantile,0.1,5702
2020-10-12,2 wk ahead inc case,2020-10-24,26,quantile,0.25,6741
2020-10-12,2 wk ahead inc case,2020-10-24,26,quantile,0.5,8362
2020-10-12,2 wk ahead inc case,2020-10-24,26,quantile,0.75,9947
2020-10-12,2 wk ahead inc case,2020-10-24,26,quantile,0.9,11462
2020-10-12,2 wk ahead inc case,2020-10-24,26,quantile,0.975,13613
2020-10-12,2 wk ahead inc case,2020-10-24,27,quantile,0.025,5443
2020-10-12,2 wk ahead inc case,2020-10-24,27,quantile,0.1,6274
2020-10-12,2 wk ahead inc case,2020-10-24,27,quantile,0.25,7585
2020-10-12,2 wk ahead inc case,2020-10-24,27,quantile,0.5,8993
2020-10-12,2 wk ahead inc case,2020-10-24,27,quantile,0.75,10309
2020-10-12,2 wk ahead inc case,2020-10-24,27,quantile,0.9,11759
2020-10-12,2 wk ahead inc case,2020-10-24,27,quantile,0.975,13619
2020-10-12,2 wk ahead inc case,2020-10-24,28,quantile,0.025,2475
2020-10-12,2 wk ahead inc case,2020-10-24,28,quantile,0.1,2893
2020-10-12,2 wk ahead inc case,2020-10-24,28,quantile,0.25,3476
2020-10-12,2 wk ahead inc case,2020-10-24,28,quantile,0.5,4307
2020-10-12,2 wk ahead inc case,2020-10-24,28,quantile,0.75,5454
2020-10-12,2 wk ahead inc case,2020-10-24,28,quantile,0.9,6368
2020-10-12,2 wk ahead inc case,2020-10-24,28,quantile,0.975,7986
2020-10-12,2 wk ahead inc case,2020-10-24,29,quantile,0.025,6613
2020-10-12,2 wk ahead inc case,2020-10-24,29,quantile,0.1,7708
2020-10-12,2 wk ahead inc case,2020-10-24,29,quantile,0.25,9346
2020-10-12,2 wk ahead inc case,2020-10-24,29,quantile,0.5,10684
2020-10-12,2 wk ahead inc case,2020-10-24,29,quantile,0.75,13311
2020-10-12,2 wk ahead inc case,2020-10-24,29,quantile,0.9,16401
2020-10-12,2 wk ahead inc case,2020-10-24,29,quantile,0.975,21076
2020-10-12,2 wk ahead inc case,2020-10-24,30,quantile,0.025,2693
2020-10-12,2 wk ahead inc case,2020-10-24,30,quantile,0.1,3287
2020-10-12,2 wk ahead inc case,2020-10-24,30,quantile,0.25,4092
2020-10-12,2 wk ahead inc case,2020-10-24,30,quantile,0.5,4778
2020-10-12,2 wk ahead inc case,2020-10-24,30,quantile,0.75,5514
2020-10-12,2 wk ahead inc case,2020-10-24,30,quantile,0.9,6193
2020-10-12,2 wk ahead inc case,2020-10-24,30,quantile,0.975,8010
2020-10-12,2 wk ahead inc case,2020-10-24,31,quantile,0.025,2624
2020-10-12,2 wk ahead inc case,2020-10-24,31,quantile,0.1,3102
2020-10-12,2 wk ahead inc case,2020-10-24,31,quantile,0.25,3819
2020-10-12,2 wk ahead inc case,2020-10-24,31,quantile,0.5,4643
2020-10-12,2 wk ahead inc case,2020-10-24,31,quantile,0.75,5778
2020-10-12,2 wk ahead inc case,2020-10-24,31,quantile,0.9,6890
2020-10-12,2 wk ahead inc case,2020-10-24,31,quantile,0.975,8439
2020-10-12,2 wk ahead inc case,2020-10-24,32,quantile,0.025,2059
2020-10-12,2 wk ahead inc case,2020-10-24,32,quantile,0.1,2340
2020-10-12,2 wk ahead inc case,2020-10-24,32,quantile,0.25,3004
2020-10-12,2 wk ahead inc case,2020-10-24,32,quantile,0.5,4280
2020-10-12,2 wk ahead inc case,2020-10-24,32,quantile,0.75,5929
2020-10-12,2 wk ahead inc case,2020-10-24,32,quantile,0.9,6808
2020-10-12,2 wk ahead inc case,2020-10-24,32,quantile,0.975,8112
2020-10-12,2 wk ahead inc case,2020-10-24,33,quantile,0.025,305
2020-10-12,2 wk ahead inc case,2020-10-24,33,quantile,0.1,382
2020-10-12,2 wk ahead inc case,2020-10-24,33,quantile,0.25,500
2020-10-12,2 wk ahead inc case,2020-10-24,33,quantile,0.5,648
2020-10-12,2 wk ahead inc case,2020-10-24,33,quantile,0.75,949
2020-10-12,2 wk ahead inc case,2020-10-24,33,quantile,0.9,1220
2020-10-12,2 wk ahead inc case,2020-10-24,33,quantile,0.975,1568
2020-10-12,2 wk ahead inc case,2020-10-24,34,quantile,0.025,3211
2020-10-12,2 wk ahead inc case,2020-10-24,34,quantile,0.1,3846
2020-10-12,2 wk ahead inc case,2020-10-24,34,quantile,0.25,4656
2020-10-12,2 wk ahead inc case,2020-10-24,34,quantile,0.5,5850
2020-10-12,2 wk ahead inc case,2020-10-24,34,quantile,0.75,7511
2020-10-12,2 wk ahead inc case,2020-10-24,34,quantile,0.9,9015
2020-10-12,2 wk ahead inc case,2020-10-24,34,quantile,0.975,10470
2020-10-12,2 wk ahead inc case,2020-10-24,35,quantile,0.025,1521
2020-10-12,2 wk ahead inc case,2020-10-24,35,quantile,0.1,1793
2020-10-12,2 wk ahead inc case,2020-10-24,35,quantile,0.25,2321
2020-10-12,2 wk ahead inc case,2020-10-24,35,quantile,0.5,2923
2020-10-12,2 wk ahead inc case,2020-10-24,35,quantile,0.75,3706
2020-10-12,2 wk ahead inc case,2020-10-24,35,quantile,0.9,4428
2020-10-12,2 wk ahead inc case,2020-10-24,35,quantile,0.975,5400
2020-10-12,2 wk ahead inc case,2020-10-24,36,quantile,0.025,5197
2020-10-12,2 wk ahead inc case,2020-10-24,36,quantile,0.1,6870
2020-10-12,2 wk ahead inc case,2020-10-24,36,quantile,0.25,8696
2020-10-12,2 wk ahead inc case,2020-10-24,36,quantile,0.5,11510
2020-10-12,2 wk ahead inc case,2020-10-24,36,quantile,0.75,14689
2020-10-12,2 wk ahead inc case,2020-10-24,36,quantile,0.9,17143
2020-10-12,2 wk ahead inc case,2020-10-24,36,quantile,0.975,19022
2020-10-12,2 wk ahead inc case,2020-10-24,37,quantile,0.025,8246
2020-10-12,2 wk ahead inc case,2020-10-24,37,quantile,0.1,9861
2020-10-12,2 wk ahead inc case,2020-10-24,37,quantile,0.25,12128
2020-10-12,2 wk ahead inc case,2020-10-24,37,quantile,0.5,14858
2020-10-12,2 wk ahead inc case,2020-10-24,37,quantile,0.75,18305
2020-10-12,2 wk ahead inc case,2020-10-24,37,quantile,0.9,21685
2020-10-12,2 wk ahead inc case,2020-10-24,37,quantile,0.975,24320
2020-10-12,2 wk ahead inc case,2020-10-24,38,quantile,0.025,2358
2020-10-12,2 wk ahead inc case,2020-10-24,38,quantile,0.1,2632
2020-10-12,2 wk ahead inc case,2020-10-24,38,quantile,0.25,3167
2020-10-12,2 wk ahead inc case,2020-10-24,38,quantile,0.5,3891
2020-10-12,2 wk ahead inc case,2020-10-24,38,quantile,0.75,4683
2020-10-12,2 wk ahead inc case,2020-10-24,38,quantile,0.9,5322
2020-10-12,2 wk ahead inc case,2020-10-24,38,quantile,0.975,6415
2020-10-12,2 wk ahead inc case,2020-10-24,39,quantile,0.025,6743
2020-10-12,2 wk ahead inc case,2020-10-24,39,quantile,0.1,7771
2020-10-12,2 wk ahead inc case,2020-10-24,39,quantile,0.25,9279
2020-10-12,2 wk ahead inc case,2020-10-24,39,quantile,0.5,11794
2020-10-12,2 wk ahead inc case,2020-10-24,39,quantile,0.75,14377
2020-10-12,2 wk ahead inc case,2020-10-24,39,quantile,0.9,16153
2020-10-12,2 wk ahead inc case,2020-10-24,39,quantile,0.975,17898
2020-10-12,2 wk ahead inc case,2020-10-24,40,quantile,0.025,5495
2020-10-12,2 wk ahead inc case,2020-10-24,40,quantile,0.1,6213
2020-10-12,2 wk ahead inc case,2020-10-24,40,quantile,0.25,7141
2020-10-12,2 wk ahead inc case,2020-10-24,40,quantile,0.5,8409
2020-10-12,2 wk ahead inc case,2020-10-24,40,quantile,0.75,9906
2020-10-12,2 wk ahead inc case,2020-10-24,40,quantile,0.9,11255
2020-10-12,2 wk ahead inc case,2020-10-24,40,quantile,0.975,13631
2020-10-12,2 wk ahead inc case,2020-10-24,41,quantile,0.025,1666
2020-10-12,2 wk ahead inc case,2020-10-24,41,quantile,0.1,1874
2020-10-12,2 wk ahead inc case,2020-10-24,41,quantile,0.25,2257
2020-10-12,2 wk ahead inc case,2020-10-24,41,quantile,0.5,2701
2020-10-12,2 wk ahead inc case,2020-10-24,41,quantile,0.75,3228
2020-10-12,2 wk ahead inc case,2020-10-24,41,quantile,0.9,3708
2020-10-12,2 wk ahead inc case,2020-10-24,41,quantile,0.975,4550
2020-10-12,2 wk ahead inc case,2020-10-24,42,quantile,0.025,5836
2020-10-12,2 wk ahead inc case,2020-10-24,42,quantile,0.1,6884
2020-10-12,2 wk ahead inc case,2020-10-24,42,quantile,0.25,8324
2020-10-12,2 wk ahead inc case,2020-10-24,42,quantile,0.5,10573
2020-10-12,2 wk ahead inc case,2020-10-24,42,quantile,0.75,12705
2020-10-12,2 wk ahead inc case,2020-10-24,42,quantile,0.9,14025
2020-10-12,2 wk ahead inc case,2020-10-24,42,quantile,0.975,15257
2020-10-12,2 wk ahead inc case,2020-10-24,44,quantile,0.025,472
2020-10-12,2 wk ahead inc case,2020-10-24,44,quantile,0.1,586
2020-10-12,2 wk ahead inc case,2020-10-24,44,quantile,0.25,750
2020-10-12,2 wk ahead inc case,2020-10-24,44,quantile,0.5,1047
2020-10-12,2 wk ahead inc case,2020-10-24,44,quantile,0.75,1404
2020-10-12,2 wk ahead inc case,2020-10-24,44,quantile,0.9,1855
2020-10-12,2 wk ahead inc case,2020-10-24,44,quantile,0.975,2524
2020-10-12,2 wk ahead inc case,2020-10-24,45,quantile,0.025,4173
2020-10-12,2 wk ahead inc case,2020-10-24,45,quantile,0.1,4523
2020-10-12,2 wk ahead inc case,2020-10-24,45,quantile,0.25,4926
2020-10-12,2 wk ahead inc case,2020-10-24,45,quantile,0.5,5828
2020-10-12,2 wk ahead inc case,2020-10-24,45,quantile,0.75,7469
2020-10-12,2 wk ahead inc case,2020-10-24,45,quantile,0.9,8573
2020-10-12,2 wk ahead inc case,2020-10-24,45,quantile,0.975,10205
2020-10-12,2 wk ahead inc case,2020-10-24,46,quantile,0.025,2628
2020-10-12,2 wk ahead inc case,2020-10-24,46,quantile,0.1,2976
2020-10-12,2 wk ahead inc case,2020-10-24,46,quantile,0.25,3598
2020-10-12,2 wk ahead inc case,2020-10-24,46,quantile,0.5,4403
2020-10-12,2 wk ahead inc case,2020-10-24,46,quantile,0.75,5253
2020-10-12,2 wk ahead inc case,2020-10-24,46,quantile,0.9,6051
2020-10-12,2 wk ahead inc case,2020-10-24,46,quantile,0.975,7746
2020-10-12,2 wk ahead inc case,2020-10-24,47,quantile,0.025,8235
2020-10-12,2 wk ahead inc case,2020-10-24,47,quantile,0.1,9209
2020-10-12,2 wk ahead inc case,2020-10-24,47,quantile,0.25,11083
2020-10-12,2 wk ahead inc case,2020-10-24,47,quantile,0.5,12493
2020-10-12,2 wk ahead inc case,2020-10-24,47,quantile,0.75,13916
2020-10-12,2 wk ahead inc case,2020-10-24,47,quantile,0.9,15962
2020-10-12,2 wk ahead inc case,2020-10-24,47,quantile,0.975,18860
2020-10-12,2 wk ahead inc case,2020-10-24,48,quantile,0.025,21147
2020-10-12,2 wk ahead inc case,2020-10-24,48,quantile,0.1,23652
2020-10-12,2 wk ahead inc case,2020-10-24,48,quantile,0.25,25126
2020-10-12,2 wk ahead inc case,2020-10-24,48,quantile,0.5,28041
2020-10-12,2 wk ahead inc case,2020-10-24,48,quantile,0.75,32851
2020-10-12,2 wk ahead inc case,2020-10-24,48,quantile,0.9,37664
2020-10-12,2 wk ahead inc case,2020-10-24,48,quantile,0.975,44239
2020-10-12,2 wk ahead inc case,2020-10-24,49,quantile,0.025,5004
2020-10-12,2 wk ahead inc case,2020-10-24,49,quantile,0.1,5698
2020-10-12,2 wk ahead inc case,2020-10-24,49,quantile,0.25,6692
2020-10-12,2 wk ahead inc case,2020-10-24,49,quantile,0.5,8155
2020-10-12,2 wk ahead inc case,2020-10-24,49,quantile,0.75,10713
2020-10-12,2 wk ahead inc case,2020-10-24,49,quantile,0.9,12580
2020-10-12,2 wk ahead inc case,2020-10-24,49,quantile,0.975,14696
2020-10-12,2 wk ahead inc case,2020-10-24,50,quantile,0.025,42
2020-10-12,2 wk ahead inc case,2020-10-24,50,quantile,0.1,48
2020-10-12,2 wk ahead inc case,2020-10-24,50,quantile,0.25,66
2020-10-12,2 wk ahead inc case,2020-10-24,50,quantile,0.5,82
2020-10-12,2 wk ahead inc case,2020-10-24,50,quantile,0.75,107
2020-10-12,2 wk ahead inc case,2020-10-24,50,quantile,0.9,147
2020-10-12,2 wk ahead inc case,2020-10-24,50,quantile,0.975,223
2020-10-12,2 wk ahead inc case,2020-10-24,51,quantile,0.025,4478
2020-10-12,2 wk ahead inc case,2020-10-24,51,quantile,0.1,5238
2020-10-12,2 wk ahead inc case,2020-10-24,51,quantile,0.25,6357
2020-10-12,2 wk ahead inc case,2020-10-24,51,quantile,0.5,7348
2020-10-12,2 wk ahead inc case,2020-10-24,51,quantile,0.75,8765
2020-10-12,2 wk ahead inc case,2020-10-24,51,quantile,0.9,10325
2020-10-12,2 wk ahead inc case,2020-10-24,51,quantile,0.975,11969
2020-10-12,2 wk ahead inc case,2020-10-24,53,quantile,0.025,2066
2020-10-12,2 wk ahead inc case,2020-10-24,53,quantile,0.1,2421
2020-10-12,2 wk ahead inc case,2020-10-24,53,quantile,0.25,2726
2020-10-12,2 wk ahead inc case,2020-10-24,53,quantile,0.5,3225
2020-10-12,2 wk ahead inc case,2020-10-24,53,quantile,0.75,4069
2020-10-12,2 wk ahead inc case,2020-10-24,53,quantile,0.9,4900
2020-10-12,2 wk ahead inc case,2020-10-24,53,quantile,0.975,6299
2020-10-12,2 wk ahead inc case,2020-10-24,54,quantile,0.025,1076
2020-10-12,2 wk ahead inc case,2020-10-24,54,quantile,0.1,1172
2020-10-12,2 wk ahead inc case,2020-10-24,54,quantile,0.25,1386
2020-10-12,2 wk ahead inc case,2020-10-24,54,quantile,0.5,1650
2020-10-12,2 wk ahead inc case,2020-10-24,54,quantile,0.75,2038
2020-10-12,2 wk ahead inc case,2020-10-24,54,quantile,0.9,2337
2020-10-12,2 wk ahead inc case,2020-10-24,54,quantile,0.975,2843
2020-10-12,2 wk ahead inc case,2020-10-24,55,quantile,0.025,12539
2020-10-12,2 wk ahead inc case,2020-10-24,55,quantile,0.1,13763
2020-10-12,2 wk ahead inc case,2020-10-24,55,quantile,0.25,15564
2020-10-12,2 wk ahead inc case,2020-10-24,55,quantile,0.5,18004
2020-10-12,2 wk ahead inc case,2020-10-24,55,quantile,0.75,20979
2020-10-12,2 wk ahead inc case,2020-10-24,55,quantile,0.9,23751
2020-10-12,2 wk ahead inc case,2020-10-24,55,quantile,0.975,28136
2020-10-12,2 wk ahead inc case,2020-10-24,56,quantile,0.025,844
2020-10-12,2 wk ahead inc case,2020-10-24,56,quantile,0.1,918
2020-10-12,2 wk ahead inc case,2020-10-24,56,quantile,0.25,1058
2020-10-12,2 wk ahead inc case,2020-10-24,56,quantile,0.5,1210
2020-10-12,2 wk ahead inc case,2020-10-24,56,quantile,0.75,1402
2020-10-12,2 wk ahead inc case,2020-10-24,56,quantile,0.9,1635
2020-10-12,2 wk ahead inc case,2020-10-24,56,quantile,0.975,2131
2020-10-12,2 wk ahead inc case,2020-10-24,60,quantile,0.025,0
2020-10-12,2 wk ahead inc case,2020-10-24,60,quantile,0.1,0
2020-10-12,2 wk ahead inc case,2020-10-24,60,quantile,0.25,0
2020-10-12,2 wk ahead inc case,2020-10-24,60,quantile,0.5,0
2020-10-12,2 wk ahead inc case,2020-10-24,60,quantile,0.75,1
2020-10-12,2 wk ahead inc case,2020-10-24,60,quantile,0.9,3
2020-10-12,2 wk ahead inc case,2020-10-24,60,quantile,0.975,8
2020-10-12,2 wk ahead inc case,2020-10-24,66,quantile,0.025,184
2020-10-12,2 wk ahead inc case,2020-10-24,66,quantile,0.1,199
2020-10-12,2 wk ahead inc case,2020-10-24,66,quantile,0.25,237
2020-10-12,2 wk ahead inc case,2020-10-24,66,quantile,0.5,299
2020-10-12,2 wk ahead inc case,2020-10-24,66,quantile,0.75,388
2020-10-12,2 wk ahead inc case,2020-10-24,66,quantile,0.9,516
2020-10-12,2 wk ahead inc case,2020-10-24,66,quantile,0.975,809
2020-10-12,2 wk ahead inc case,2020-10-24,69,quantile,0.025,0
2020-10-12,2 wk ahead inc case,2020-10-24,69,quantile,0.1,0
2020-10-12,2 wk ahead inc case,2020-10-24,69,quantile,0.25,0
2020-10-12,2 wk ahead inc case,2020-10-24,69,quantile,0.5,2
2020-10-12,2 wk ahead inc case,2020-10-24,69,quantile,0.75,6
2020-10-12,2 wk ahead inc case,2020-10-24,69,quantile,0.9,12
2020-10-12,2 wk ahead inc case,2020-10-24,69,quantile,0.975,25
2020-10-12,2 wk ahead inc case,2020-10-24,72,quantile,0.025,1820
2020-10-12,2 wk ahead inc case,2020-10-24,72,quantile,0.1,1966
2020-10-12,2 wk ahead inc case,2020-10-24,72,quantile,0.25,2193
2020-10-12,2 wk ahead inc case,2020-10-24,72,quantile,0.5,2827
2020-10-12,2 wk ahead inc case,2020-10-24,72,quantile,0.75,3645
2020-10-12,2 wk ahead inc case,2020-10-24,72,quantile,0.9,4526
2020-10-12,2 wk ahead inc case,2020-10-24,72,quantile,0.975,6002
2020-10-12,2 wk ahead inc case,2020-10-24,78,quantile,0.025,0
2020-10-12,2 wk ahead inc case,2020-10-24,78,quantile,0.1,1
2020-10-12,2 wk ahead inc case,2020-10-24,78,quantile,0.25,1
2020-10-12,2 wk ahead inc case,2020-10-24,78,quantile,0.5,5
2020-10-12,2 wk ahead inc case,2020-10-24,78,quantile,0.75,17
2020-10-12,2 wk ahead inc case,2020-10-24,78,quantile,0.9,37
2020-10-12,2 wk ahead inc case,2020-10-24,78,quantile,0.975,82
2020-10-12,3 wk ahead inc case,2020-10-31,01,quantile,0.025,3790
2020-10-12,3 wk ahead inc case,2020-10-31,01,quantile,0.1,4256
2020-10-12,3 wk ahead inc case,2020-10-31,01,quantile,0.25,4952
2020-10-12,3 wk ahead inc case,2020-10-31,01,quantile,0.5,5521
2020-10-12,3 wk ahead inc case,2020-10-31,01,quantile,0.75,6740
2020-10-12,3 wk ahead inc case,2020-10-31,01,quantile,0.9,8498
2020-10-12,3 wk ahead inc case,2020-10-31,01,quantile,0.975,10781
2020-10-12,3 wk ahead inc case,2020-10-31,02,quantile,0.025,709
2020-10-12,3 wk ahead inc case,2020-10-31,02,quantile,0.1,874
2020-10-12,3 wk ahead inc case,2020-10-31,02,quantile,0.25,1203
2020-10-12,3 wk ahead inc case,2020-10-31,02,quantile,0.5,1669
2020-10-12,3 wk ahead inc case,2020-10-31,02,quantile,0.75,2210
2020-10-12,3 wk ahead inc case,2020-10-31,02,quantile,0.9,2513
2020-10-12,3 wk ahead inc case,2020-10-31,02,quantile,0.975,2979
2020-10-12,3 wk ahead inc case,2020-10-31,04,quantile,0.025,2287
2020-10-12,3 wk ahead inc case,2020-10-31,04,quantile,0.1,2710
2020-10-12,3 wk ahead inc case,2020-10-31,04,quantile,0.25,3590
2020-10-12,3 wk ahead inc case,2020-10-31,04,quantile,0.5,5206
2020-10-12,3 wk ahead inc case,2020-10-31,04,quantile,0.75,7385
2020-10-12,3 wk ahead inc case,2020-10-31,04,quantile,0.9,9622
2020-10-12,3 wk ahead inc case,2020-10-31,04,quantile,0.975,11455
2020-10-12,3 wk ahead inc case,2020-10-31,05,quantile,0.025,3855
2020-10-12,3 wk ahead inc case,2020-10-31,05,quantile,0.1,4406
2020-10-12,3 wk ahead inc case,2020-10-31,05,quantile,0.25,4974
2020-10-12,3 wk ahead inc case,2020-10-31,05,quantile,0.5,5985
2020-10-12,3 wk ahead inc case,2020-10-31,05,quantile,0.75,7247
2020-10-12,3 wk ahead inc case,2020-10-31,05,quantile,0.9,8187
2020-10-12,3 wk ahead inc case,2020-10-31,05,quantile,0.975,10015
2020-10-12,3 wk ahead inc case,2020-10-31,06,quantile,0.025,12179
2020-10-12,3 wk ahead inc case,2020-10-31,06,quantile,0.1,14733
2020-10-12,3 wk ahead inc case,2020-10-31,06,quantile,0.25,18146
2020-10-12,3 wk ahead inc case,2020-10-31,06,quantile,0.5,23468
2020-10-12,3 wk ahead inc case,2020-10-31,06,quantile,0.75,28511
2020-10-12,3 wk ahead inc case,2020-10-31,06,quantile,0.9,33666
2020-10-12,3 wk ahead inc case,2020-10-31,06,quantile,0.975,40965
2020-10-12,3 wk ahead inc case,2020-10-31,08,quantile,0.025,2956
2020-10-12,3 wk ahead inc case,2020-10-31,08,quantile,0.1,3659
2020-10-12,3 wk ahead inc case,2020-10-31,08,quantile,0.25,4884
2020-10-12,3 wk ahead inc case,2020-10-31,08,quantile,0.5,6064
2020-10-12,3 wk ahead inc case,2020-10-31,08,quantile,0.75,7730
2020-10-12,3 wk ahead inc case,2020-10-31,08,quantile,0.9,9325
2020-10-12,3 wk ahead inc case,2020-10-31,08,quantile,0.975,10802
2020-10-12,3 wk ahead inc case,2020-10-31,09,quantile,0.025,706
2020-10-12,3 wk ahead inc case,2020-10-31,09,quantile,0.1,933
2020-10-12,3 wk ahead inc case,2020-10-31,09,quantile,0.25,1205
2020-10-12,3 wk ahead inc case,2020-10-31,09,quantile,0.5,1714
2020-10-12,3 wk ahead inc case,2020-10-31,09,quantile,0.75,2553
2020-10-12,3 wk ahead inc case,2020-10-31,09,quantile,0.9,3458
2020-10-12,3 wk ahead inc case,2020-10-31,09,quantile,0.975,4593
2020-10-12,3 wk ahead inc case,2020-10-31,10,quantile,0.025,508
2020-10-12,3 wk ahead inc case,2020-10-31,10,quantile,0.1,547
2020-10-12,3 wk ahead inc case,2020-10-31,10,quantile,0.25,655
2020-10-12,3 wk ahead inc case,2020-10-31,10,quantile,0.5,843
2020-10-12,3 wk ahead inc case,2020-10-31,10,quantile,0.75,1132
2020-10-12,3 wk ahead inc case,2020-10-31,10,quantile,0.9,1443
2020-10-12,3 wk ahead inc case,2020-10-31,10,quantile,0.975,1802
2020-10-12,3 wk ahead inc case,2020-10-31,11,quantile,0.025,199
2020-10-12,3 wk ahead inc case,2020-10-31,11,quantile,0.1,257
2020-10-12,3 wk ahead inc case,2020-10-31,11,quantile,0.25,386
2020-10-12,3 wk ahead inc case,2020-10-31,11,quantile,0.5,495
2020-10-12,3 wk ahead inc case,2020-10-31,11,quantile,0.75,641
2020-10-12,3 wk ahead inc case,2020-10-31,11,quantile,0.9,847
2020-10-12,3 wk ahead inc case,2020-10-31,11,quantile,0.975,1059
2020-10-12,3 wk ahead inc case,2020-10-31,12,quantile,0.025,9940
2020-10-12,3 wk ahead inc case,2020-10-31,12,quantile,0.1,10278
2020-10-12,3 wk ahead inc case,2020-10-31,12,quantile,0.25,12038
2020-10-12,3 wk ahead inc case,2020-10-31,12,quantile,0.5,15520
2020-10-12,3 wk ahead inc case,2020-10-31,12,quantile,0.75,21590
2020-10-12,3 wk ahead inc case,2020-10-31,12,quantile,0.9,27610
2020-10-12,3 wk ahead inc case,2020-10-31,12,quantile,0.975,34488
2020-10-12,3 wk ahead inc case,2020-10-31,13,quantile,0.025,4618
2020-10-12,3 wk ahead inc case,2020-10-31,13,quantile,0.1,5230
2020-10-12,3 wk ahead inc case,2020-10-31,13,quantile,0.25,6187
2020-10-12,3 wk ahead inc case,2020-10-31,13,quantile,0.5,7844
2020-10-12,3 wk ahead inc case,2020-10-31,13,quantile,0.75,9659
2020-10-12,3 wk ahead inc case,2020-10-31,13,quantile,0.9,11478
2020-10-12,3 wk ahead inc case,2020-10-31,13,quantile,0.975,13689
2020-10-12,3 wk ahead inc case,2020-10-31,15,quantile,0.025,314
2020-10-12,3 wk ahead inc case,2020-10-31,15,quantile,0.1,383
2020-10-12,3 wk ahead inc case,2020-10-31,15,quantile,0.25,515
2020-10-12,3 wk ahead inc case,2020-10-31,15,quantile,0.5,684
2020-10-12,3 wk ahead inc case,2020-10-31,15,quantile,0.75,893
2020-10-12,3 wk ahead inc case,2020-10-31,15,quantile,0.9,1187
2020-10-12,3 wk ahead inc case,2020-10-31,15,quantile,0.975,1620
2020-10-12,3 wk ahead inc case,2020-10-31,16,quantile,0.025,2380
2020-10-12,3 wk ahead inc case,2020-10-31,16,quantile,0.1,2748
2020-10-12,3 wk ahead inc case,2020-10-31,16,quantile,0.25,3336
2020-10-12,3 wk ahead inc case,2020-10-31,16,quantile,0.5,3846
2020-10-12,3 wk ahead inc case,2020-10-31,16,quantile,0.75,4597
2020-10-12,3 wk ahead inc case,2020-10-31,16,quantile,0.9,5446
2020-10-12,3 wk ahead inc case,2020-10-31,16,quantile,0.975,7095
2020-10-12,3 wk ahead inc case,2020-10-31,17,quantile,0.025,8888
2020-10-12,3 wk ahead inc case,2020-10-31,17,quantile,0.1,11148
2020-10-12,3 wk ahead inc case,2020-10-31,17,quantile,0.25,14905
2020-10-12,3 wk ahead inc case,2020-10-31,17,quantile,0.5,18117
2020-10-12,3 wk ahead inc case,2020-10-31,17,quantile,0.75,21142
2020-10-12,3 wk ahead inc case,2020-10-31,17,quantile,0.9,24994
2020-10-12,3 wk ahead inc case,2020-10-31,17,quantile,0.975,28928
2020-10-12,3 wk ahead inc case,2020-10-31,18,quantile,0.025,5521
2020-10-12,3 wk ahead inc case,2020-10-31,18,quantile,0.1,6966
2020-10-12,3 wk ahead inc case,2020-10-31,18,quantile,0.25,9333
2020-10-12,3 wk ahead inc case,2020-10-31,18,quantile,0.5,11747
2020-10-12,3 wk ahead inc case,2020-10-31,18,quantile,0.75,14345
2020-10-12,3 wk ahead inc case,2020-10-31,18,quantile,0.9,17401
2020-10-12,3 wk ahead inc case,2020-10-31,18,quantile,0.975,19726
2020-10-12,3 wk ahead inc case,2020-10-31,19,quantile,0.025,4352
2020-10-12,3 wk ahead inc case,2020-10-31,19,quantile,0.1,4815
2020-10-12,3 wk ahead inc case,2020-10-31,19,quantile,0.25,5745
2020-10-12,3 wk ahead inc case,2020-10-31,19,quantile,0.5,7068
2020-10-12,3 wk ahead inc case,2020-10-31,19,quantile,0.75,8735
2020-10-12,3 wk ahead inc case,2020-10-31,19,quantile,0.9,10035
2020-10-12,3 wk ahead inc case,2020-10-31,19,quantile,0.975,12629
2020-10-12,3 wk ahead inc case,2020-10-31,20,quantile,0.025,2926
2020-10-12,3 wk ahead inc case,2020-10-31,20,quantile,0.1,3277
2020-10-12,3 wk ahead inc case,2020-10-31,20,quantile,0.25,3681
2020-10-12,3 wk ahead inc case,2020-10-31,20,quantile,0.5,4440
2020-10-12,3 wk ahead inc case,2020-10-31,20,quantile,0.75,5441
2020-10-12,3 wk ahead inc case,2020-10-31,20,quantile,0.9,6369
2020-10-12,3 wk ahead inc case,2020-10-31,20,quantile,0.975,8431
2020-10-12,3 wk ahead inc case,2020-10-31,21,quantile,0.025,4561
2020-10-12,3 wk ahead inc case,2020-10-31,21,quantile,0.1,5339
2020-10-12,3 wk ahead inc case,2020-10-31,21,quantile,0.25,6399
2020-10-12,3 wk ahead inc case,2020-10-31,21,quantile,0.5,8077
2020-10-12,3 wk ahead inc case,2020-10-31,21,quantile,0.75,9808
2020-10-12,3 wk ahead inc case,2020-10-31,21,quantile,0.9,11470
2020-10-12,3 wk ahead inc case,2020-10-31,21,quantile,0.975,14312
2020-10-12,3 wk ahead inc case,2020-10-31,22,quantile,0.025,2278
2020-10-12,3 wk ahead inc case,2020-10-31,22,quantile,0.1,2595
2020-10-12,3 wk ahead inc case,2020-10-31,22,quantile,0.25,2845
2020-10-12,3 wk ahead inc case,2020-10-31,22,quantile,0.5,3282
2020-10-12,3 wk ahead inc case,2020-10-31,22,quantile,0.75,4587
2020-10-12,3 wk ahead inc case,2020-10-31,22,quantile,0.9,6361
2020-10-12,3 wk ahead inc case,2020-10-31,22,quantile,0.975,8320
2020-10-12,3 wk ahead inc case,2020-10-31,23,quantile,0.025,145
2020-10-12,3 wk ahead inc case,2020-10-31,23,quantile,0.1,164
2020-10-12,3 wk ahead inc case,2020-10-31,23,quantile,0.25,190
2020-10-12,3 wk ahead inc case,2020-10-31,23,quantile,0.5,235
2020-10-12,3 wk ahead inc case,2020-10-31,23,quantile,0.75,366
2020-10-12,3 wk ahead inc case,2020-10-31,23,quantile,0.9,480
2020-10-12,3 wk ahead inc case,2020-10-31,23,quantile,0.975,684
2020-10-12,3 wk ahead inc case,2020-10-31,24,quantile,0.025,2086
2020-10-12,3 wk ahead inc case,2020-10-31,24,quantile,0.1,2529
2020-10-12,3 wk ahead inc case,2020-10-31,24,quantile,0.25,3151
2020-10-12,3 wk ahead inc case,2020-10-31,24,quantile,0.5,3968
2020-10-12,3 wk ahead inc case,2020-10-31,24,quantile,0.75,5168
2020-10-12,3 wk ahead inc case,2020-10-31,24,quantile,0.9,6358
2020-10-12,3 wk ahead inc case,2020-10-31,24,quantile,0.975,7648
2020-10-12,3 wk ahead inc case,2020-10-31,25,quantile,0.025,2183
2020-10-12,3 wk ahead inc case,2020-10-31,25,quantile,0.1,2565
2020-10-12,3 wk ahead inc case,2020-10-31,25,quantile,0.25,3270
2020-10-12,3 wk ahead inc case,2020-10-31,25,quantile,0.5,4284
2020-10-12,3 wk ahead inc case,2020-10-31,25,quantile,0.75,5506
2020-10-12,3 wk ahead inc case,2020-10-31,25,quantile,0.9,6712
2020-10-12,3 wk ahead inc case,2020-10-31,25,quantile,0.975,7931
2020-10-12,3 wk ahead inc case,2020-10-31,26,quantile,0.025,4116
2020-10-12,3 wk ahead inc case,2020-10-31,26,quantile,0.1,5315
2020-10-12,3 wk ahead inc case,2020-10-31,26,quantile,0.25,6535
2020-10-12,3 wk ahead inc case,2020-10-31,26,quantile,0.5,8572
2020-10-12,3 wk ahead inc case,2020-10-31,26,quantile,0.75,10482
2020-10-12,3 wk ahead inc case,2020-10-31,26,quantile,0.9,12268
2020-10-12,3 wk ahead inc case,2020-10-31,26,quantile,0.975,14545
2020-10-12,3 wk ahead inc case,2020-10-31,27,quantile,0.025,5115
2020-10-12,3 wk ahead inc case,2020-10-31,27,quantile,0.1,6036
2020-10-12,3 wk ahead inc case,2020-10-31,27,quantile,0.25,7508
2020-10-12,3 wk ahead inc case,2020-10-31,27,quantile,0.5,9247
2020-10-12,3 wk ahead inc case,2020-10-31,27,quantile,0.75,10931
2020-10-12,3 wk ahead inc case,2020-10-31,27,quantile,0.9,12570
2020-10-12,3 wk ahead inc case,2020-10-31,27,quantile,0.975,14645
2020-10-12,3 wk ahead inc case,2020-10-31,28,quantile,0.025,2245
2020-10-12,3 wk ahead inc case,2020-10-31,28,quantile,0.1,2695
2020-10-12,3 wk ahead inc case,2020-10-31,28,quantile,0.25,3344
2020-10-12,3 wk ahead inc case,2020-10-31,28,quantile,0.5,4391
2020-10-12,3 wk ahead inc case,2020-10-31,28,quantile,0.75,5741
2020-10-12,3 wk ahead inc case,2020-10-31,28,quantile,0.9,6914
2020-10-12,3 wk ahead inc case,2020-10-31,28,quantile,0.975,8757
2020-10-12,3 wk ahead inc case,2020-10-31,29,quantile,0.025,6016
2020-10-12,3 wk ahead inc case,2020-10-31,29,quantile,0.1,7227
2020-10-12,3 wk ahead inc case,2020-10-31,29,quantile,0.25,9148
2020-10-12,3 wk ahead inc case,2020-10-31,29,quantile,0.5,10803
2020-10-12,3 wk ahead inc case,2020-10-31,29,quantile,0.75,13701
2020-10-12,3 wk ahead inc case,2020-10-31,29,quantile,0.9,17835
2020-10-12,3 wk ahead inc case,2020-10-31,29,quantile,0.975,22388
2020-10-12,3 wk ahead inc case,2020-10-31,30,quantile,0.025,2714
2020-10-12,3 wk ahead inc case,2020-10-31,30,quantile,0.1,3406
2020-10-12,3 wk ahead inc case,2020-10-31,30,quantile,0.25,4282
2020-10-12,3 wk ahead inc case,2020-10-31,30,quantile,0.5,5139
2020-10-12,3 wk ahead inc case,2020-10-31,30,quantile,0.75,5962
2020-10-12,3 wk ahead inc case,2020-10-31,30,quantile,0.9,6785
2020-10-12,3 wk ahead inc case,2020-10-31,30,quantile,0.975,9053
2020-10-12,3 wk ahead inc case,2020-10-31,31,quantile,0.025,2554
2020-10-12,3 wk ahead inc case,2020-10-31,31,quantile,0.1,3033
2020-10-12,3 wk ahead inc case,2020-10-31,31,quantile,0.25,3827
2020-10-12,3 wk ahead inc case,2020-10-31,31,quantile,0.5,4805
2020-10-12,3 wk ahead inc case,2020-10-31,31,quantile,0.75,6234
2020-10-12,3 wk ahead inc case,2020-10-31,31,quantile,0.9,7513
2020-10-12,3 wk ahead inc case,2020-10-31,31,quantile,0.975,9212
2020-10-12,3 wk ahead inc case,2020-10-31,32,quantile,0.025,1855
2020-10-12,3 wk ahead inc case,2020-10-31,32,quantile,0.1,2149
2020-10-12,3 wk ahead inc case,2020-10-31,32,quantile,0.25,2889
2020-10-12,3 wk ahead inc case,2020-10-31,32,quantile,0.5,4649
2020-10-12,3 wk ahead inc case,2020-10-31,32,quantile,0.75,6968
2020-10-12,3 wk ahead inc case,2020-10-31,32,quantile,0.9,8217
2020-10-12,3 wk ahead inc case,2020-10-31,32,quantile,0.975,9521
2020-10-12,3 wk ahead inc case,2020-10-31,33,quantile,0.025,299
2020-10-12,3 wk ahead inc case,2020-10-31,33,quantile,0.1,397
2020-10-12,3 wk ahead inc case,2020-10-31,33,quantile,0.25,555
2020-10-12,3 wk ahead inc case,2020-10-31,33,quantile,0.5,733
2020-10-12,3 wk ahead inc case,2020-10-31,33,quantile,0.75,1140
2020-10-12,3 wk ahead inc case,2020-10-31,33,quantile,0.9,1518
2020-10-12,3 wk ahead inc case,2020-10-31,33,quantile,0.975,1853
2020-10-12,3 wk ahead inc case,2020-10-31,34,quantile,0.025,2768
2020-10-12,3 wk ahead inc case,2020-10-31,34,quantile,0.1,3554
2020-10-12,3 wk ahead inc case,2020-10-31,34,quantile,0.25,4506
2020-10-12,3 wk ahead inc case,2020-10-31,34,quantile,0.5,6128
2020-10-12,3 wk ahead inc case,2020-10-31,34,quantile,0.75,8346
2020-10-12,3 wk ahead inc case,2020-10-31,34,quantile,0.9,10269
2020-10-12,3 wk ahead inc case,2020-10-31,34,quantile,0.975,11620
2020-10-12,3 wk ahead inc case,2020-10-31,35,quantile,0.025,1500
2020-10-12,3 wk ahead inc case,2020-10-31,35,quantile,0.1,1810
2020-10-12,3 wk ahead inc case,2020-10-31,35,quantile,0.25,2462
2020-10-12,3 wk ahead inc case,2020-10-31,35,quantile,0.5,3081
2020-10-12,3 wk ahead inc case,2020-10-31,35,quantile,0.75,3901
2020-10-12,3 wk ahead inc case,2020-10-31,35,quantile,0.9,4880
2020-10-12,3 wk ahead inc case,2020-10-31,35,quantile,0.975,5844
2020-10-12,3 wk ahead inc case,2020-10-31,36,quantile,0.025,4524
2020-10-12,3 wk ahead inc case,2020-10-31,36,quantile,0.1,6438
2020-10-12,3 wk ahead inc case,2020-10-31,36,quantile,0.25,8632
2020-10-12,3 wk ahead inc case,2020-10-31,36,quantile,0.5,12541
2020-10-12,3 wk ahead inc case,2020-10-31,36,quantile,0.75,16752
2020-10-12,3 wk ahead inc case,2020-10-31,36,quantile,0.9,19820
2020-10-12,3 wk ahead inc case,2020-10-31,36,quantile,0.975,22518
2020-10-12,3 wk ahead inc case,2020-10-31,37,quantile,0.025,7711
2020-10-12,3 wk ahead inc case,2020-10-31,37,quantile,0.1,9573
2020-10-12,3 wk ahead inc case,2020-10-31,37,quantile,0.25,12224
2020-10-12,3 wk ahead inc case,2020-10-31,37,quantile,0.5,15573
2020-10-12,3 wk ahead inc case,2020-10-31,37,quantile,0.75,19628
2020-10-12,3 wk ahead inc case,2020-10-31,37,quantile,0.9,23502
2020-10-12,3 wk ahead inc case,2020-10-31,37,quantile,0.975,26417
2020-10-12,3 wk ahead inc case,2020-10-31,38,quantile,0.025,2235
2020-10-12,3 wk ahead inc case,2020-10-31,38,quantile,0.1,2523
2020-10-12,3 wk ahead inc case,2020-10-31,38,quantile,0.25,3055
2020-10-12,3 wk ahead inc case,2020-10-31,38,quantile,0.5,4011
2020-10-12,3 wk ahead inc case,2020-10-31,38,quantile,0.75,5047
2020-10-12,3 wk ahead inc case,2020-10-31,38,quantile,0.9,5636
2020-10-12,3 wk ahead inc case,2020-10-31,38,quantile,0.975,6974
2020-10-12,3 wk ahead inc case,2020-10-31,39,quantile,0.025,6515
2020-10-12,3 wk ahead inc case,2020-10-31,39,quantile,0.1,7647
2020-10-12,3 wk ahead inc case,2020-10-31,39,quantile,0.25,9486
2020-10-12,3 wk ahead inc case,2020-10-31,39,quantile,0.5,12687
2020-10-12,3 wk ahead inc case,2020-10-31,39,quantile,0.75,16627
2020-10-12,3 wk ahead inc case,2020-10-31,39,quantile,0.9,18742
2020-10-12,3 wk ahead inc case,2020-10-31,39,quantile,0.975,20839
2020-10-12,3 wk ahead inc case,2020-10-31,40,quantile,0.025,5130
2020-10-12,3 wk ahead inc case,2020-10-31,40,quantile,0.1,5944
2020-10-12,3 wk ahead inc case,2020-10-31,40,quantile,0.25,6898
2020-10-12,3 wk ahead inc case,2020-10-31,40,quantile,0.5,8365
2020-10-12,3 wk ahead inc case,2020-10-31,40,quantile,0.75,10392
2020-10-12,3 wk ahead inc case,2020-10-31,40,quantile,0.9,11802
2020-10-12,3 wk ahead inc case,2020-10-31,40,quantile,0.975,14137
2020-10-12,3 wk ahead inc case,2020-10-31,41,quantile,0.025,1574
2020-10-12,3 wk ahead inc case,2020-10-31,41,quantile,0.1,1810
2020-10-12,3 wk ahead inc case,2020-10-31,41,quantile,0.25,2288
2020-10-12,3 wk ahead inc case,2020-10-31,41,quantile,0.5,2804
2020-10-12,3 wk ahead inc case,2020-10-31,41,quantile,0.75,3401
2020-10-12,3 wk ahead inc case,2020-10-31,41,quantile,0.9,4043
2020-10-12,3 wk ahead inc case,2020-10-31,41,quantile,0.975,5006
2020-10-12,3 wk ahead inc case,2020-10-31,42,quantile,0.025,5546
2020-10-12,3 wk ahead inc case,2020-10-31,42,quantile,0.1,6736
2020-10-12,3 wk ahead inc case,2020-10-31,42,quantile,0.25,8481
2020-10-12,3 wk ahead inc case,2020-10-31,42,quantile,0.5,11549
2020-10-12,3 wk ahead inc case,2020-10-31,42,quantile,0.75,14474
2020-10-12,3 wk ahead inc case,2020-10-31,42,quantile,0.9,16423
2020-10-12,3 wk ahead inc case,2020-10-31,42,quantile,0.975,17541
2020-10-12,3 wk ahead inc case,2020-10-31,44,quantile,0.025,396
2020-10-12,3 wk ahead inc case,2020-10-31,44,quantile,0.1,502
2020-10-12,3 wk ahead inc case,2020-10-31,44,quantile,0.25,694
2020-10-12,3 wk ahead inc case,2020-10-31,44,quantile,0.5,1064
2020-10-12,3 wk ahead inc case,2020-10-31,44,quantile,0.75,1501
2020-10-12,3 wk ahead inc case,2020-10-31,44,quantile,0.9,1985
2020-10-12,3 wk ahead inc case,2020-10-31,44,quantile,0.975,2697
2020-10-12,3 wk ahead inc case,2020-10-31,45,quantile,0.025,3754
2020-10-12,3 wk ahead inc case,2020-10-31,45,quantile,0.1,4180
2020-10-12,3 wk ahead inc case,2020-10-31,45,quantile,0.25,4682
2020-10-12,3 wk ahead inc case,2020-10-31,45,quantile,0.5,5825
2020-10-12,3 wk ahead inc case,2020-10-31,45,quantile,0.75,7902
2020-10-12,3 wk ahead inc case,2020-10-31,45,quantile,0.9,9187
2020-10-12,3 wk ahead inc case,2020-10-31,45,quantile,0.975,10811
2020-10-12,3 wk ahead inc case,2020-10-31,46,quantile,0.025,2531
2020-10-12,3 wk ahead inc case,2020-10-31,46,quantile,0.1,2885
2020-10-12,3 wk ahead inc case,2020-10-31,46,quantile,0.25,3489
2020-10-12,3 wk ahead inc case,2020-10-31,46,quantile,0.5,4455
2020-10-12,3 wk ahead inc case,2020-10-31,46,quantile,0.75,5491
2020-10-12,3 wk ahead inc case,2020-10-31,46,quantile,0.9,6335
2020-10-12,3 wk ahead inc case,2020-10-31,46,quantile,0.975,8303
2020-10-12,3 wk ahead inc case,2020-10-31,47,quantile,0.025,7756
2020-10-12,3 wk ahead inc case,2020-10-31,47,quantile,0.1,8913
2020-10-12,3 wk ahead inc case,2020-10-31,47,quantile,0.25,11023
2020-10-12,3 wk ahead inc case,2020-10-31,47,quantile,0.5,12713
2020-10-12,3 wk ahead inc case,2020-10-31,47,quantile,0.75,14608
2020-10-12,3 wk ahead inc case,2020-10-31,47,quantile,0.9,17109
2020-10-12,3 wk ahead inc case,2020-10-31,47,quantile,0.975,20288
2020-10-12,3 wk ahead inc case,2020-10-31,48,quantile,0.025,18918
2020-10-12,3 wk ahead inc case,2020-10-31,48,quantile,0.1,21907
2020-10-12,3 wk ahead inc case,2020-10-31,48,quantile,0.25,23618
2020-10-12,3 wk ahead inc case,2020-10-31,48,quantile,0.5,27858
2020-10-12,3 wk ahead inc case,2020-10-31,48,quantile,0.75,35003
2020-10-12,3 wk ahead inc case,2020-10-31,48,quantile,0.9,39732
2020-10-12,3 wk ahead inc case,2020-10-31,48,quantile,0.975,46110
2020-10-12,3 wk ahead inc case,2020-10-31,49,quantile,0.025,4654
2020-10-12,3 wk ahead inc case,2020-10-31,49,quantile,0.1,5417
2020-10-12,3 wk ahead inc case,2020-10-31,49,quantile,0.25,6504
2020-10-12,3 wk ahead inc case,2020-10-31,49,quantile,0.5,8283
2020-10-12,3 wk ahead inc case,2020-10-31,49,quantile,0.75,11771
2020-10-12,3 wk ahead inc case,2020-10-31,49,quantile,0.9,14058
2020-10-12,3 wk ahead inc case,2020-10-31,49,quantile,0.975,16711
2020-10-12,3 wk ahead inc case,2020-10-31,50,quantile,0.025,46
2020-10-12,3 wk ahead inc case,2020-10-31,50,quantile,0.1,55
2020-10-12,3 wk ahead inc case,2020-10-31,50,quantile,0.25,75
2020-10-12,3 wk ahead inc case,2020-10-31,50,quantile,0.5,93
2020-10-12,3 wk ahead inc case,2020-10-31,50,quantile,0.75,119
2020-10-12,3 wk ahead inc case,2020-10-31,50,quantile,0.9,167
2020-10-12,3 wk ahead inc case,2020-10-31,50,quantile,0.975,249
2020-10-12,3 wk ahead inc case,2020-10-31,51,quantile,0.025,4077
2020-10-12,3 wk ahead inc case,2020-10-31,51,quantile,0.1,4960
2020-10-12,3 wk ahead inc case,2020-10-31,51,quantile,0.25,6377
2020-10-12,3 wk ahead inc case,2020-10-31,51,quantile,0.5,7634
2020-10-12,3 wk ahead inc case,2020-10-31,51,quantile,0.75,9355
2020-10-12,3 wk ahead inc case,2020-10-31,51,quantile,0.9,11228
2020-10-12,3 wk ahead inc case,2020-10-31,51,quantile,0.975,12956
2020-10-12,3 wk ahead inc case,2020-10-31,53,quantile,0.025,1764
2020-10-12,3 wk ahead inc case,2020-10-31,53,quantile,0.1,2099
2020-10-12,3 wk ahead inc case,2020-10-31,53,quantile,0.25,2463
2020-10-12,3 wk ahead inc case,2020-10-31,53,quantile,0.5,3141
2020-10-12,3 wk ahead inc case,2020-10-31,53,quantile,0.75,4140
2020-10-12,3 wk ahead inc case,2020-10-31,53,quantile,0.9,5096
2020-10-12,3 wk ahead inc case,2020-10-31,53,quantile,0.975,6630
2020-10-12,3 wk ahead inc case,2020-10-31,54,quantile,0.025,1033
2020-10-12,3 wk ahead inc case,2020-10-31,54,quantile,0.1,1156
2020-10-12,3 wk ahead inc case,2020-10-31,54,quantile,0.25,1419
2020-10-12,3 wk ahead inc case,2020-10-31,54,quantile,0.5,1721
2020-10-12,3 wk ahead inc case,2020-10-31,54,quantile,0.75,2158
2020-10-12,3 wk ahead inc case,2020-10-31,54,quantile,0.9,2523
2020-10-12,3 wk ahead inc case,2020-10-31,54,quantile,0.975,3240
2020-10-12,3 wk ahead inc case,2020-10-31,55,quantile,0.025,11938
2020-10-12,3 wk ahead inc case,2020-10-31,55,quantile,0.1,13127
2020-10-12,3 wk ahead inc case,2020-10-31,55,quantile,0.25,14939
2020-10-12,3 wk ahead inc case,2020-10-31,55,quantile,0.5,17795
2020-10-12,3 wk ahead inc case,2020-10-31,55,quantile,0.75,21479
2020-10-12,3 wk ahead inc case,2020-10-31,55,quantile,0.9,24303
2020-10-12,3 wk ahead inc case,2020-10-31,55,quantile,0.975,29522
2020-10-12,3 wk ahead inc case,2020-10-31,56,quantile,0.025,863
2020-10-12,3 wk ahead inc case,2020-10-31,56,quantile,0.1,950
2020-10-12,3 wk ahead inc case,2020-10-31,56,quantile,0.25,1103
2020-10-12,3 wk ahead inc case,2020-10-31,56,quantile,0.5,1255
2020-10-12,3 wk ahead inc case,2020-10-31,56,quantile,0.75,1516
2020-10-12,3 wk ahead inc case,2020-10-31,56,quantile,0.9,1785
2020-10-12,3 wk ahead inc case,2020-10-31,56,quantile,0.975,2375
2020-10-12,3 wk ahead inc case,2020-10-31,60,quantile,0.025,0
2020-10-12,3 wk ahead inc case,2020-10-31,60,quantile,0.1,0
2020-10-12,3 wk ahead inc case,2020-10-31,60,quantile,0.25,0
2020-10-12,3 wk ahead inc case,2020-10-31,60,quantile,0.5,0
2020-10-12,3 wk ahead inc case,2020-10-31,60,quantile,0.75,1
2020-10-12,3 wk ahead inc case,2020-10-31,60,quantile,0.9,3
2020-10-12,3 wk ahead inc case,2020-10-31,60,quantile,0.975,9
2020-10-12,3 wk ahead inc case,2020-10-31,66,quantile,0.025,163
2020-10-12,3 wk ahead inc case,2020-10-31,66,quantile,0.1,182
2020-10-12,3 wk ahead inc case,2020-10-31,66,quantile,0.25,226
2020-10-12,3 wk ahead inc case,2020-10-31,66,quantile,0.5,296
2020-10-12,3 wk ahead inc case,2020-10-31,66,quantile,0.75,393
2020-10-12,3 wk ahead inc case,2020-10-31,66,quantile,0.9,538
2020-10-12,3 wk ahead inc case,2020-10-31,66,quantile,0.975,853
2020-10-12,3 wk ahead inc case,2020-10-31,69,quantile,0.025,0
2020-10-12,3 wk ahead inc case,2020-10-31,69,quantile,0.1,0
2020-10-12,3 wk ahead inc case,2020-10-31,69,quantile,0.25,0
2020-10-12,3 wk ahead inc case,2020-10-31,69,quantile,0.5,2
2020-10-12,3 wk ahead inc case,2020-10-31,69,quantile,0.75,6
2020-10-12,3 wk ahead inc case,2020-10-31,69,quantile,0.9,13
2020-10-12,3 wk ahead inc case,2020-10-31,69,quantile,0.975,28
2020-10-12,3 wk ahead inc case,2020-10-31,72,quantile,0.025,1636
2020-10-12,3 wk ahead inc case,2020-10-31,72,quantile,0.1,1791
2020-10-12,3 wk ahead inc case,2020-10-31,72,quantile,0.25,2048
2020-10-12,3 wk ahead inc case,2020-10-31,72,quantile,0.5,2642
2020-10-12,3 wk ahead inc case,2020-10-31,72,quantile,0.75,3502
2020-10-12,3 wk ahead inc case,2020-10-31,72,quantile,0.9,4358
2020-10-12,3 wk ahead inc case,2020-10-31,72,quantile,0.975,6079
2020-10-12,3 wk ahead inc case,2020-10-31,78,quantile,0.025,0
2020-10-12,3 wk ahead inc case,2020-10-31,78,quantile,0.1,1
2020-10-12,3 wk ahead inc case,2020-10-31,78,quantile,0.25,1
2020-10-12,3 wk ahead inc case,2020-10-31,78,quantile,0.5,6
2020-10-12,3 wk ahead inc case,2020-10-31,78,quantile,0.75,20
2020-10-12,3 wk ahead inc case,2020-10-31,78,quantile,0.9,43
2020-10-12,3 wk ahead inc case,2020-10-31,78,quantile,0.975,91
2020-10-12,4 wk ahead inc case,2020-11-07,01,quantile,0.025,3381
2020-10-12,4 wk ahead inc case,2020-11-07,01,quantile,0.1,3893
2020-10-12,4 wk ahead inc case,2020-11-07,01,quantile,0.25,4592
2020-10-12,4 wk ahead inc case,2020-11-07,01,quantile,0.5,5195
2020-10-12,4 wk ahead inc case,2020-11-07,01,quantile,0.75,6489
2020-10-12,4 wk ahead inc case,2020-11-07,01,quantile,0.9,8322
2020-10-12,4 wk ahead inc case,2020-11-07,01,quantile,0.975,10885
2020-10-12,4 wk ahead inc case,2020-11-07,02,quantile,0.025,681
2020-10-12,4 wk ahead inc case,2020-11-07,02,quantile,0.1,860
2020-10-12,4 wk ahead inc case,2020-11-07,02,quantile,0.25,1211
2020-10-12,4 wk ahead inc case,2020-11-07,02,quantile,0.5,1781
2020-10-12,4 wk ahead inc case,2020-11-07,02,quantile,0.75,2464
2020-10-12,4 wk ahead inc case,2020-11-07,02,quantile,0.9,2741
2020-10-12,4 wk ahead inc case,2020-11-07,02,quantile,0.975,3230
2020-10-12,4 wk ahead inc case,2020-11-07,04,quantile,0.025,1992
2020-10-12,4 wk ahead inc case,2020-11-07,04,quantile,0.1,2479
2020-10-12,4 wk ahead inc case,2020-11-07,04,quantile,0.25,3466
2020-10-12,4 wk ahead inc case,2020-11-07,04,quantile,0.5,5338
2020-10-12,4 wk ahead inc case,2020-11-07,04,quantile,0.75,8040
2020-10-12,4 wk ahead inc case,2020-11-07,04,quantile,0.9,11134
2020-10-12,4 wk ahead inc case,2020-11-07,04,quantile,0.975,12773
2020-10-12,4 wk ahead inc case,2020-11-07,05,quantile,0.025,3586
2020-10-12,4 wk ahead inc case,2020-11-07,05,quantile,0.1,4189
2020-10-12,4 wk ahead inc case,2020-11-07,05,quantile,0.25,4773
2020-10-12,4 wk ahead inc case,2020-11-07,05,quantile,0.5,5970
2020-10-12,4 wk ahead inc case,2020-11-07,05,quantile,0.75,7381
2020-10-12,4 wk ahead inc case,2020-11-07,05,quantile,0.9,8475
2020-10-12,4 wk ahead inc case,2020-11-07,05,quantile,0.975,10354
2020-10-12,4 wk ahead inc case,2020-11-07,06,quantile,0.025,10632
2020-10-12,4 wk ahead inc case,2020-11-07,06,quantile,0.1,13231
2020-10-12,4 wk ahead inc case,2020-11-07,06,quantile,0.25,17018
2020-10-12,4 wk ahead inc case,2020-11-07,06,quantile,0.5,23457
2020-10-12,4 wk ahead inc case,2020-11-07,06,quantile,0.75,29816
2020-10-12,4 wk ahead inc case,2020-11-07,06,quantile,0.9,36592
2020-10-12,4 wk ahead inc case,2020-11-07,06,quantile,0.975,45791
2020-10-12,4 wk ahead inc case,2020-11-07,08,quantile,0.025,2749
2020-10-12,4 wk ahead inc case,2020-11-07,08,quantile,0.1,3525
2020-10-12,4 wk ahead inc case,2020-11-07,08,quantile,0.25,4873
2020-10-12,4 wk ahead inc case,2020-11-07,08,quantile,0.5,6208
2020-10-12,4 wk ahead inc case,2020-11-07,08,quantile,0.75,8060
2020-10-12,4 wk ahead inc case,2020-11-07,08,quantile,0.9,9995
2020-10-12,4 wk ahead inc case,2020-11-07,08,quantile,0.975,11810
2020-10-12,4 wk ahead inc case,2020-11-07,09,quantile,0.025,629
2020-10-12,4 wk ahead inc case,2020-11-07,09,quantile,0.1,854
2020-10-12,4 wk ahead inc case,2020-11-07,09,quantile,0.25,1130
2020-10-12,4 wk ahead inc case,2020-11-07,09,quantile,0.5,1712
2020-10-12,4 wk ahead inc case,2020-11-07,09,quantile,0.75,2617
2020-10-12,4 wk ahead inc case,2020-11-07,09,quantile,0.9,3603
2020-10-12,4 wk ahead inc case,2020-11-07,09,quantile,0.975,4669
2020-10-12,4 wk ahead inc case,2020-11-07,10,quantile,0.025,461
2020-10-12,4 wk ahead inc case,2020-11-07,10,quantile,0.1,508
2020-10-12,4 wk ahead inc case,2020-11-07,10,quantile,0.25,611
2020-10-12,4 wk ahead inc case,2020-11-07,10,quantile,0.5,830
2020-10-12,4 wk ahead inc case,2020-11-07,10,quantile,0.75,1174
2020-10-12,4 wk ahead inc case,2020-11-07,10,quantile,0.9,1507
2020-10-12,4 wk ahead inc case,2020-11-07,10,quantile,0.975,1924
2020-10-12,4 wk ahead inc case,2020-11-07,11,quantile,0.025,182
2020-10-12,4 wk ahead inc case,2020-11-07,11,quantile,0.1,247
2020-10-12,4 wk ahead inc case,2020-11-07,11,quantile,0.25,390
2020-10-12,4 wk ahead inc case,2020-11-07,11,quantile,0.5,508
2020-10-12,4 wk ahead inc case,2020-11-07,11,quantile,0.75,651
2020-10-12,4 wk ahead inc case,2020-11-07,11,quantile,0.9,903
2020-10-12,4 wk ahead inc case,2020-11-07,11,quantile,0.975,1110
2020-10-12,4 wk ahead inc case,2020-11-07,12,quantile,0.025,8739
2020-10-12,4 wk ahead inc case,2020-11-07,12,quantile,0.1,9362
2020-10-12,4 wk ahead inc case,2020-11-07,12,quantile,0.25,11221
2020-10-12,4 wk ahead inc case,2020-11-07,12,quantile,0.5,15242
2020-10-12,4 wk ahead inc case,2020-11-07,12,quantile,0.75,21663
2020-10-12,4 wk ahead inc case,2020-11-07,12,quantile,0.9,29431
2020-10-12,4 wk ahead inc case,2020-11-07,12,quantile,0.975,37053
2020-10-12,4 wk ahead inc case,2020-11-07,13,quantile,0.025,4060
2020-10-12,4 wk ahead inc case,2020-11-07,13,quantile,0.1,4711
2020-10-12,4 wk ahead inc case,2020-11-07,13,quantile,0.25,5768
2020-10-12,4 wk ahead inc case,2020-11-07,13,quantile,0.5,7748
2020-10-12,4 wk ahead inc case,2020-11-07,13,quantile,0.75,9645
2020-10-12,4 wk ahead inc case,2020-11-07,13,quantile,0.9,12024
2020-10-12,4 wk ahead inc case,2020-11-07,13,quantile,0.975,14441
2020-10-12,4 wk ahead inc case,2020-11-07,15,quantile,0.025,287
2020-10-12,4 wk ahead inc case,2020-11-07,15,quantile,0.1,360
2020-10-12,4 wk ahead inc case,2020-11-07,15,quantile,0.25,492
2020-10-12,4 wk ahead inc case,2020-11-07,15,quantile,0.5,675
2020-10-12,4 wk ahead inc case,2020-11-07,15,quantile,0.75,919
2020-10-12,4 wk ahead inc case,2020-11-07,15,quantile,0.9,1281
2020-10-12,4 wk ahead inc case,2020-11-07,15,quantile,0.975,1792
2020-10-12,4 wk ahead inc case,2020-11-07,16,quantile,0.025,2231
2020-10-12,4 wk ahead inc case,2020-11-07,16,quantile,0.1,2663
2020-10-12,4 wk ahead inc case,2020-11-07,16,quantile,0.25,3271
2020-10-12,4 wk ahead inc case,2020-11-07,16,quantile,0.5,3784
2020-10-12,4 wk ahead inc case,2020-11-07,16,quantile,0.75,4503
2020-10-12,4 wk ahead inc case,2020-11-07,16,quantile,0.9,5551
2020-10-12,4 wk ahead inc case,2020-11-07,16,quantile,0.975,7432
2020-10-12,4 wk ahead inc case,2020-11-07,17,quantile,0.025,7929
2020-10-12,4 wk ahead inc case,2020-11-07,17,quantile,0.1,10243
2020-10-12,4 wk ahead inc case,2020-11-07,17,quantile,0.25,14249
2020-10-12,4 wk ahead inc case,2020-11-07,17,quantile,0.5,17824
2020-10-12,4 wk ahead inc case,2020-11-07,17,quantile,0.75,21043
2020-10-12,4 wk ahead inc case,2020-11-07,17,quantile,0.9,25564
2020-10-12,4 wk ahead inc case,2020-11-07,17,quantile,0.975,29951
2020-10-12,4 wk ahead inc case,2020-11-07,18,quantile,0.025,5253
2020-10-12,4 wk ahead inc case,2020-11-07,18,quantile,0.1,6724
2020-10-12,4 wk ahead inc case,2020-11-07,18,quantile,0.25,9209
2020-10-12,4 wk ahead inc case,2020-11-07,18,quantile,0.5,11973
2020-10-12,4 wk ahead inc case,2020-11-07,18,quantile,0.75,14947
2020-10-12,4 wk ahead inc case,2020-11-07,18,quantile,0.9,18703
2020-10-12,4 wk ahead inc case,2020-11-07,18,quantile,0.975,20948
2020-10-12,4 wk ahead inc case,2020-11-07,19,quantile,0.025,4123
2020-10-12,4 wk ahead inc case,2020-11-07,19,quantile,0.1,4610
2020-10-12,4 wk ahead inc case,2020-11-07,19,quantile,0.25,5485
2020-10-12,4 wk ahead inc case,2020-11-07,19,quantile,0.5,7006
2020-10-12,4 wk ahead inc case,2020-11-07,19,quantile,0.75,8665
2020-10-12,4 wk ahead inc case,2020-11-07,19,quantile,0.9,10124
2020-10-12,4 wk ahead inc case,2020-11-07,19,quantile,0.975,12963
2020-10-12,4 wk ahead inc case,2020-11-07,20,quantile,0.025,2803
2020-10-12,4 wk ahead inc case,2020-11-07,20,quantile,0.1,3149
2020-10-12,4 wk ahead inc case,2020-11-07,20,quantile,0.25,3553
2020-10-12,4 wk ahead inc case,2020-11-07,20,quantile,0.5,4362
2020-10-12,4 wk ahead inc case,2020-11-07,20,quantile,0.75,5426
2020-10-12,4 wk ahead inc case,2020-11-07,20,quantile,0.9,6415
2020-10-12,4 wk ahead inc case,2020-11-07,20,quantile,0.975,8669
2020-10-12,4 wk ahead inc case,2020-11-07,21,quantile,0.025,4400
2020-10-12,4 wk ahead inc case,2020-11-07,21,quantile,0.1,5160
2020-10-12,4 wk ahead inc case,2020-11-07,21,quantile,0.25,6293
2020-10-12,4 wk ahead inc case,2020-11-07,21,quantile,0.5,8273
2020-10-12,4 wk ahead inc case,2020-11-07,21,quantile,0.75,10256
2020-10-12,4 wk ahead inc case,2020-11-07,21,quantile,0.9,11935
2020-10-12,4 wk ahead inc case,2020-11-07,21,quantile,0.975,14996
2020-10-12,4 wk ahead inc case,2020-11-07,22,quantile,0.025,2134
2020-10-12,4 wk ahead inc case,2020-11-07,22,quantile,0.1,2476
2020-10-12,4 wk ahead inc case,2020-11-07,22,quantile,0.25,2738
2020-10-12,4 wk ahead inc case,2020-11-07,22,quantile,0.5,3230
2020-10-12,4 wk ahead inc case,2020-11-07,22,quantile,0.75,4707
2020-10-12,4 wk ahead inc case,2020-11-07,22,quantile,0.9,6729
2020-10-12,4 wk ahead inc case,2020-11-07,22,quantile,0.975,8833
2020-10-12,4 wk ahead inc case,2020-11-07,23,quantile,0.025,138
2020-10-12,4 wk ahead inc case,2020-11-07,23,quantile,0.1,159
2020-10-12,4 wk ahead inc case,2020-11-07,23,quantile,0.25,187
2020-10-12,4 wk ahead inc case,2020-11-07,23,quantile,0.5,243
2020-10-12,4 wk ahead inc case,2020-11-07,23,quantile,0.75,377
2020-10-12,4 wk ahead inc case,2020-11-07,23,quantile,0.9,522
2020-10-12,4 wk ahead inc case,2020-11-07,23,quantile,0.975,762
2020-10-12,4 wk ahead inc case,2020-11-07,24,quantile,0.025,1819
2020-10-12,4 wk ahead inc case,2020-11-07,24,quantile,0.1,2319
2020-10-12,4 wk ahead inc case,2020-11-07,24,quantile,0.25,2975
2020-10-12,4 wk ahead inc case,2020-11-07,24,quantile,0.5,3873
2020-10-12,4 wk ahead inc case,2020-11-07,24,quantile,0.75,5136
2020-10-12,4 wk ahead inc case,2020-11-07,24,quantile,0.9,6622
2020-10-12,4 wk ahead inc case,2020-11-07,24,quantile,0.975,7970
2020-10-12,4 wk ahead inc case,2020-11-07,25,quantile,0.025,1963
2020-10-12,4 wk ahead inc case,2020-11-07,25,quantile,0.1,2379
2020-10-12,4 wk ahead inc case,2020-11-07,25,quantile,0.25,3171
2020-10-12,4 wk ahead inc case,2020-11-07,25,quantile,0.5,4398
2020-10-12,4 wk ahead inc case,2020-11-07,25,quantile,0.75,5934
2020-10-12,4 wk ahead inc case,2020-11-07,25,quantile,0.9,7406
2020-10-12,4 wk ahead inc case,2020-11-07,25,quantile,0.975,9071
2020-10-12,4 wk ahead inc case,2020-11-07,26,quantile,0.025,3753
2020-10-12,4 wk ahead inc case,2020-11-07,26,quantile,0.1,4993
2020-10-12,4 wk ahead inc case,2020-11-07,26,quantile,0.25,6270
2020-10-12,4 wk ahead inc case,2020-11-07,26,quantile,0.5,8682
2020-10-12,4 wk ahead inc case,2020-11-07,26,quantile,0.75,10851
2020-10-12,4 wk ahead inc case,2020-11-07,26,quantile,0.9,12693
2020-10-12,4 wk ahead inc case,2020-11-07,26,quantile,0.975,14940
2020-10-12,4 wk ahead inc case,2020-11-07,27,quantile,0.025,4816
2020-10-12,4 wk ahead inc case,2020-11-07,27,quantile,0.1,5784
2020-10-12,4 wk ahead inc case,2020-11-07,27,quantile,0.25,7297
2020-10-12,4 wk ahead inc case,2020-11-07,27,quantile,0.5,9241
2020-10-12,4 wk ahead inc case,2020-11-07,27,quantile,0.75,11352
2020-10-12,4 wk ahead inc case,2020-11-07,27,quantile,0.9,13079
2020-10-12,4 wk ahead inc case,2020-11-07,27,quantile,0.975,15270
2020-10-12,4 wk ahead inc case,2020-11-07,28,quantile,0.025,2016
2020-10-12,4 wk ahead inc case,2020-11-07,28,quantile,0.1,2507
2020-10-12,4 wk ahead inc case,2020-11-07,28,quantile,0.25,3183
2020-10-12,4 wk ahead inc case,2020-11-07,28,quantile,0.5,4498
2020-10-12,4 wk ahead inc case,2020-11-07,28,quantile,0.75,6054
2020-10-12,4 wk ahead inc case,2020-11-07,28,quantile,0.9,7297
2020-10-12,4 wk ahead inc case,2020-11-07,28,quantile,0.975,9205
2020-10-12,4 wk ahead inc case,2020-11-07,29,quantile,0.025,5497
2020-10-12,4 wk ahead inc case,2020-11-07,29,quantile,0.1,6794
2020-10-12,4 wk ahead inc case,2020-11-07,29,quantile,0.25,8795
2020-10-12,4 wk ahead inc case,2020-11-07,29,quantile,0.5,10749
2020-10-12,4 wk ahead inc case,2020-11-07,29,quantile,0.75,14084
2020-10-12,4 wk ahead inc case,2020-11-07,29,quantile,0.9,18012
2020-10-12,4 wk ahead inc case,2020-11-07,29,quantile,0.975,23219
2020-10-12,4 wk ahead inc case,2020-11-07,30,quantile,0.025,2700
2020-10-12,4 wk ahead inc case,2020-11-07,30,quantile,0.1,3415
2020-10-12,4 wk ahead inc case,2020-11-07,30,quantile,0.25,4262
2020-10-12,4 wk ahead inc case,2020-11-07,30,quantile,0.5,5255
2020-10-12,4 wk ahead inc case,2020-11-07,30,quantile,0.75,6073
2020-10-12,4 wk ahead inc case,2020-11-07,30,quantile,0.9,6888
2020-10-12,4 wk ahead inc case,2020-11-07,30,quantile,0.975,9430
2020-10-12,4 wk ahead inc case,2020-11-07,31,quantile,0.025,2490
2020-10-12,4 wk ahead inc case,2020-11-07,31,quantile,0.1,2947
2020-10-12,4 wk ahead inc case,2020-11-07,31,quantile,0.25,3748
2020-10-12,4 wk ahead inc case,2020-11-07,31,quantile,0.5,4973
2020-10-12,4 wk ahead inc case,2020-11-07,31,quantile,0.75,6485
2020-10-12,4 wk ahead inc case,2020-11-07,31,quantile,0.9,7781
2020-10-12,4 wk ahead inc case,2020-11-07,31,quantile,0.975,9884
2020-10-12,4 wk ahead inc case,2020-11-07,32,quantile,0.025,1687
2020-10-12,4 wk ahead inc case,2020-11-07,32,quantile,0.1,1987
2020-10-12,4 wk ahead inc case,2020-11-07,32,quantile,0.25,2756
2020-10-12,4 wk ahead inc case,2020-11-07,32,quantile,0.5,4895
2020-10-12,4 wk ahead inc case,2020-11-07,32,quantile,0.75,7829
2020-10-12,4 wk ahead inc case,2020-11-07,32,quantile,0.9,9651
2020-10-12,4 wk ahead inc case,2020-11-07,32,quantile,0.975,11471
2020-10-12,4 wk ahead inc case,2020-11-07,33,quantile,0.025,297
2020-10-12,4 wk ahead inc case,2020-11-07,33,quantile,0.1,411
2020-10-12,4 wk ahead inc case,2020-11-07,33,quantile,0.25,605
2020-10-12,4 wk ahead inc case,2020-11-07,33,quantile,0.5,835
2020-10-12,4 wk ahead inc case,2020-11-07,33,quantile,0.75,1315
2020-10-12,4 wk ahead inc case,2020-11-07,33,quantile,0.9,1775
2020-10-12,4 wk ahead inc case,2020-11-07,33,quantile,0.975,2533
2020-10-12,4 wk ahead inc case,2020-11-07,34,quantile,0.025,2480
2020-10-12,4 wk ahead inc case,2020-11-07,34,quantile,0.1,3363
2020-10-12,4 wk ahead inc case,2020-11-07,34,quantile,0.25,4351
2020-10-12,4 wk ahead inc case,2020-11-07,34,quantile,0.5,6289
2020-10-12,4 wk ahead inc case,2020-11-07,34,quantile,0.75,8968
2020-10-12,4 wk ahead inc case,2020-11-07,34,quantile,0.9,11278
2020-10-12,4 wk ahead inc case,2020-11-07,34,quantile,0.975,12751
2020-10-12,4 wk ahead inc case,2020-11-07,35,quantile,0.025,1483
2020-10-12,4 wk ahead inc case,2020-11-07,35,quantile,0.1,1820
2020-10-12,4 wk ahead inc case,2020-11-07,35,quantile,0.25,2564
2020-10-12,4 wk ahead inc case,2020-11-07,35,quantile,0.5,3187
2020-10-12,4 wk ahead inc case,2020-11-07,35,quantile,0.75,3982
2020-10-12,4 wk ahead inc case,2020-11-07,35,quantile,0.9,5099
2020-10-12,4 wk ahead inc case,2020-11-07,35,quantile,0.975,6254
2020-10-12,4 wk ahead inc case,2020-11-07,36,quantile,0.025,4054
2020-10-12,4 wk ahead inc case,2020-11-07,36,quantile,0.1,6116
2020-10-12,4 wk ahead inc case,2020-11-07,36,quantile,0.25,8544
2020-10-12,4 wk ahead inc case,2020-11-07,36,quantile,0.5,13612
2020-10-12,4 wk ahead inc case,2020-11-07,36,quantile,0.75,19447
2020-10-12,4 wk ahead inc case,2020-11-07,36,quantile,0.9,23452
2020-10-12,4 wk ahead inc case,2020-11-07,36,quantile,0.975,25717
2020-10-12,4 wk ahead inc case,2020-11-07,37,quantile,0.025,7206
2020-10-12,4 wk ahead inc case,2020-11-07,37,quantile,0.1,9184
2020-10-12,4 wk ahead inc case,2020-11-07,37,quantile,0.25,11970
2020-10-12,4 wk ahead inc case,2020-11-07,37,quantile,0.5,15665
2020-10-12,4 wk ahead inc case,2020-11-07,37,quantile,0.75,20489
2020-10-12,4 wk ahead inc case,2020-11-07,37,quantile,0.9,26411
2020-10-12,4 wk ahead inc case,2020-11-07,37,quantile,0.975,29468
2020-10-12,4 wk ahead inc case,2020-11-07,38,quantile,0.025,2110
2020-10-12,4 wk ahead inc case,2020-11-07,38,quantile,0.1,2397
2020-10-12,4 wk ahead inc case,2020-11-07,38,quantile,0.25,2895
2020-10-12,4 wk ahead inc case,2020-11-07,38,quantile,0.5,4038
2020-10-12,4 wk ahead inc case,2020-11-07,38,quantile,0.75,5112
2020-10-12,4 wk ahead inc case,2020-11-07,38,quantile,0.9,5866
2020-10-12,4 wk ahead inc case,2020-11-07,38,quantile,0.975,7378
2020-10-12,4 wk ahead inc case,2020-11-07,39,quantile,0.025,6280
2020-10-12,4 wk ahead inc case,2020-11-07,39,quantile,0.1,7556
2020-10-12,4 wk ahead inc case,2020-11-07,39,quantile,0.25,9616
2020-10-12,4 wk ahead inc case,2020-11-07,39,quantile,0.5,13592
2020-10-12,4 wk ahead inc case,2020-11-07,39,quantile,0.75,17994
2020-10-12,4 wk ahead inc case,2020-11-07,39,quantile,0.9,21087
2020-10-12,4 wk ahead inc case,2020-11-07,39,quantile,0.975,23534
2020-10-12,4 wk ahead inc case,2020-11-07,40,quantile,0.025,4868
2020-10-12,4 wk ahead inc case,2020-11-07,40,quantile,0.1,5648
2020-10-12,4 wk ahead inc case,2020-11-07,40,quantile,0.25,6600
2020-10-12,4 wk ahead inc case,2020-11-07,40,quantile,0.5,8180
2020-10-12,4 wk ahead inc case,2020-11-07,40,quantile,0.75,10238
2020-10-12,4 wk ahead inc case,2020-11-07,40,quantile,0.9,11874
2020-10-12,4 wk ahead inc case,2020-11-07,40,quantile,0.975,14476
2020-10-12,4 wk ahead inc case,2020-11-07,41,quantile,0.025,1489
2020-10-12,4 wk ahead inc case,2020-11-07,41,quantile,0.1,1765
2020-10-12,4 wk ahead inc case,2020-11-07,41,quantile,0.25,2309
2020-10-12,4 wk ahead inc case,2020-11-07,41,quantile,0.5,2868
2020-10-12,4 wk ahead inc case,2020-11-07,41,quantile,0.75,3492
2020-10-12,4 wk ahead inc case,2020-11-07,41,quantile,0.9,4251
2020-10-12,4 wk ahead inc case,2020-11-07,41,quantile,0.975,5314
2020-10-12,4 wk ahead inc case,2020-11-07,42,quantile,0.025,5237
2020-10-12,4 wk ahead inc case,2020-11-07,42,quantile,0.1,6663
2020-10-12,4 wk ahead inc case,2020-11-07,42,quantile,0.25,8572
2020-10-12,4 wk ahead inc case,2020-11-07,42,quantile,0.5,12465
2020-10-12,4 wk ahead inc case,2020-11-07,42,quantile,0.75,16473
2020-10-12,4 wk ahead inc case,2020-11-07,42,quantile,0.9,18637
2020-10-12,4 wk ahead inc case,2020-11-07,42,quantile,0.975,19400
2020-10-12,4 wk ahead inc case,2020-11-07,44,quantile,0.025,346
2020-10-12,4 wk ahead inc case,2020-11-07,44,quantile,0.1,448
2020-10-12,4 wk ahead inc case,2020-11-07,44,quantile,0.25,647
2020-10-12,4 wk ahead inc case,2020-11-07,44,quantile,0.5,1042
2020-10-12,4 wk ahead inc case,2020-11-07,44,quantile,0.75,1502
2020-10-12,4 wk ahead inc case,2020-11-07,44,quantile,0.9,2042
2020-10-12,4 wk ahead inc case,2020-11-07,44,quantile,0.975,2726
2020-10-12,4 wk ahead inc case,2020-11-07,45,quantile,0.025,3334
2020-10-12,4 wk ahead inc case,2020-11-07,45,quantile,0.1,3854
2020-10-12,4 wk ahead inc case,2020-11-07,45,quantile,0.25,4364
2020-10-12,4 wk ahead inc case,2020-11-07,45,quantile,0.5,5596
2020-10-12,4 wk ahead inc case,2020-11-07,45,quantile,0.75,8042
2020-10-12,4 wk ahead inc case,2020-11-07,45,quantile,0.9,9577
2020-10-12,4 wk ahead inc case,2020-11-07,45,quantile,0.975,11383
2020-10-12,4 wk ahead inc case,2020-11-07,46,quantile,0.025,2428
2020-10-12,4 wk ahead inc case,2020-11-07,46,quantile,0.1,2779
2020-10-12,4 wk ahead inc case,2020-11-07,46,quantile,0.25,3325
2020-10-12,4 wk ahead inc case,2020-11-07,46,quantile,0.5,4474
2020-10-12,4 wk ahead inc case,2020-11-07,46,quantile,0.75,5595
2020-10-12,4 wk ahead inc case,2020-11-07,46,quantile,0.9,6488
2020-10-12,4 wk ahead inc case,2020-11-07,46,quantile,0.975,8626
2020-10-12,4 wk ahead inc case,2020-11-07,47,quantile,0.025,7260
2020-10-12,4 wk ahead inc case,2020-11-07,47,quantile,0.1,8548
2020-10-12,4 wk ahead inc case,2020-11-07,47,quantile,0.25,10775
2020-10-12,4 wk ahead inc case,2020-11-07,47,quantile,0.5,12651
2020-10-12,4 wk ahead inc case,2020-11-07,47,quantile,0.75,14620
2020-10-12,4 wk ahead inc case,2020-11-07,47,quantile,0.9,17513
2020-10-12,4 wk ahead inc case,2020-11-07,47,quantile,0.975,21129
2020-10-12,4 wk ahead inc case,2020-11-07,48,quantile,0.025,17030
2020-10-12,4 wk ahead inc case,2020-11-07,48,quantile,0.1,20509
2020-10-12,4 wk ahead inc case,2020-11-07,48,quantile,0.25,22277
2020-10-12,4 wk ahead inc case,2020-11-07,48,quantile,0.5,27356
2020-10-12,4 wk ahead inc case,2020-11-07,48,quantile,0.75,35806
2020-10-12,4 wk ahead inc case,2020-11-07,48,quantile,0.9,42890
2020-10-12,4 wk ahead inc case,2020-11-07,48,quantile,0.975,50860
2020-10-12,4 wk ahead inc case,2020-11-07,49,quantile,0.025,4380
2020-10-12,4 wk ahead inc case,2020-11-07,49,quantile,0.1,5206
2020-10-12,4 wk ahead inc case,2020-11-07,49,quantile,0.25,6306
2020-10-12,4 wk ahead inc case,2020-11-07,49,quantile,0.5,8295
2020-10-12,4 wk ahead inc case,2020-11-07,49,quantile,0.75,11984
2020-10-12,4 wk ahead inc case,2020-11-07,49,quantile,0.9,16112
2020-10-12,4 wk ahead inc case,2020-11-07,49,quantile,0.975,17876
2020-10-12,4 wk ahead inc case,2020-11-07,50,quantile,0.025,49
2020-10-12,4 wk ahead inc case,2020-11-07,50,quantile,0.1,59
2020-10-12,4 wk ahead inc case,2020-11-07,50,quantile,0.25,84
2020-10-12,4 wk ahead inc case,2020-11-07,50,quantile,0.5,105
2020-10-12,4 wk ahead inc case,2020-11-07,50,quantile,0.75,131
2020-10-12,4 wk ahead inc case,2020-11-07,50,quantile,0.9,188
2020-10-12,4 wk ahead inc case,2020-11-07,50,quantile,0.975,283
2020-10-12,4 wk ahead inc case,2020-11-07,51,quantile,0.025,3708
2020-10-12,4 wk ahead inc case,2020-11-07,51,quantile,0.1,4697
2020-10-12,4 wk ahead inc case,2020-11-07,51,quantile,0.25,6308
2020-10-12,4 wk ahead inc case,2020-11-07,51,quantile,0.5,7807
2020-10-12,4 wk ahead inc case,2020-11-07,51,quantile,0.75,9722
2020-10-12,4 wk ahead inc case,2020-11-07,51,quantile,0.9,11709
2020-10-12,4 wk ahead inc case,2020-11-07,51,quantile,0.975,13699
2020-10-12,4 wk ahead inc case,2020-11-07,53,quantile,0.025,1526
2020-10-12,4 wk ahead inc case,2020-11-07,53,quantile,0.1,1832
2020-10-12,4 wk ahead inc case,2020-11-07,53,quantile,0.25,2227
2020-10-12,4 wk ahead inc case,2020-11-07,53,quantile,0.5,2994
2020-10-12,4 wk ahead inc case,2020-11-07,53,quantile,0.75,4094
2020-10-12,4 wk ahead inc case,2020-11-07,53,quantile,0.9,5136
2020-10-12,4 wk ahead inc case,2020-11-07,53,quantile,0.975,6736
2020-10-12,4 wk ahead inc case,2020-11-07,54,quantile,0.025,991
2020-10-12,4 wk ahead inc case,2020-11-07,54,quantile,0.1,1147
2020-10-12,4 wk ahead inc case,2020-11-07,54,quantile,0.25,1449
2020-10-12,4 wk ahead inc case,2020-11-07,54,quantile,0.5,1808
2020-10-12,4 wk ahead inc case,2020-11-07,54,quantile,0.75,2251
2020-10-12,4 wk ahead inc case,2020-11-07,54,quantile,0.9,2713
2020-10-12,4 wk ahead inc case,2020-11-07,54,quantile,0.975,3471
2020-10-12,4 wk ahead inc case,2020-11-07,55,quantile,0.025,11456
2020-10-12,4 wk ahead inc case,2020-11-07,55,quantile,0.1,12650
2020-10-12,4 wk ahead inc case,2020-11-07,55,quantile,0.25,14298
2020-10-12,4 wk ahead inc case,2020-11-07,55,quantile,0.5,17461
2020-10-12,4 wk ahead inc case,2020-11-07,55,quantile,0.75,21386
2020-10-12,4 wk ahead inc case,2020-11-07,55,quantile,0.9,25642
2020-10-12,4 wk ahead inc case,2020-11-07,55,quantile,0.975,30726
2020-10-12,4 wk ahead inc case,2020-11-07,56,quantile,0.025,877
2020-10-12,4 wk ahead inc case,2020-11-07,56,quantile,0.1,973
2020-10-12,4 wk ahead inc case,2020-11-07,56,quantile,0.25,1138
2020-10-12,4 wk ahead inc case,2020-11-07,56,quantile,0.5,1296
2020-10-12,4 wk ahead inc case,2020-11-07,56,quantile,0.75,1520
2020-10-12,4 wk ahead inc case,2020-11-07,56,quantile,0.9,1848
2020-10-12,4 wk ahead inc case,2020-11-07,56,quantile,0.975,2538
2020-10-12,4 wk ahead inc case,2020-11-07,60,quantile,0.025,0
2020-10-12,4 wk ahead inc case,2020-11-07,60,quantile,0.1,0
2020-10-12,4 wk ahead inc case,2020-11-07,60,quantile,0.25,0
2020-10-12,4 wk ahead inc case,2020-11-07,60,quantile,0.5,0
2020-10-12,4 wk ahead inc case,2020-11-07,60,quantile,0.75,1
2020-10-12,4 wk ahead inc case,2020-11-07,60,quantile,0.9,3
2020-10-12,4 wk ahead inc case,2020-11-07,60,quantile,0.975,12
2020-10-12,4 wk ahead inc case,2020-11-07,66,quantile,0.025,147
2020-10-12,4 wk ahead inc case,2020-11-07,66,quantile,0.1,170
2020-10-12,4 wk ahead inc case,2020-11-07,66,quantile,0.25,215
2020-10-12,4 wk ahead inc case,2020-11-07,66,quantile,0.5,291
2020-10-12,4 wk ahead inc case,2020-11-07,66,quantile,0.75,390
2020-10-12,4 wk ahead inc case,2020-11-07,66,quantile,0.9,548
2020-10-12,4 wk ahead inc case,2020-11-07,66,quantile,0.975,881
2020-10-12,4 wk ahead inc case,2020-11-07,69,quantile,0.025,0
2020-10-12,4 wk ahead inc case,2020-11-07,69,quantile,0.1,0
2020-10-12,4 wk ahead inc case,2020-11-07,69,quantile,0.25,0
2020-10-12,4 wk ahead inc case,2020-11-07,69,quantile,0.5,2
2020-10-12,4 wk ahead inc case,2020-11-07,69,quantile,0.75,7
2020-10-12,4 wk ahead inc case,2020-11-07,69,quantile,0.9,14
2020-10-12,4 wk ahead inc case,2020-11-07,69,quantile,0.975,31
2020-10-12,4 wk ahead inc case,2020-11-07,72,quantile,0.025,1491
2020-10-12,4 wk ahead inc case,2020-11-07,72,quantile,0.1,1666
2020-10-12,4 wk ahead inc case,2020-11-07,72,quantile,0.25,1878
2020-10-12,4 wk ahead inc case,2020-11-07,72,quantile,0.5,2443
2020-10-12,4 wk ahead inc case,2020-11-07,72,quantile,0.75,3217
2020-10-12,4 wk ahead inc case,2020-11-07,72,quantile,0.9,4433
2020-10-12,4 wk ahead inc case,2020-11-07,72,quantile,0.975,6242
2020-10-12,4 wk ahead inc case,2020-11-07,78,quantile,0.025,0
2020-10-12,4 wk ahead inc case,2020-11-07,78,quantile,0.1,0
2020-10-12,4 wk ahead inc case,2020-11-07,78,quantile,0.25,1
2020-10-12,4 wk ahead inc case,2020-11-07,78,quantile,0.5,6
2020-10-12,4 wk ahead inc case,2020-11-07,78,quantile,0.75,22
2020-10-12,4 wk ahead inc case,2020-11-07,78,quantile,0.9,46
2020-10-12,4 wk ahead inc case,2020-11-07,78,quantile,0.975,99
2020-10-12,1 wk ahead inc case,2020-10-17,01,point,NA,5941
2020-10-12,1 wk ahead inc case,2020-10-17,02,point,NA,1352
2020-10-12,1 wk ahead inc case,2020-10-17,04,point,NA,4611
2020-10-12,1 wk ahead inc case,2020-10-17,05,point,NA,5912
2020-10-12,1 wk ahead inc case,2020-10-17,06,point,NA,22758
2020-10-12,1 wk ahead inc case,2020-10-17,08,point,NA,5380
2020-10-12,1 wk ahead inc case,2020-10-17,09,point,NA,1672
2020-10-12,1 wk ahead inc case,2020-10-17,10,point,NA,873
2020-10-12,1 wk ahead inc case,2020-10-17,11,point,NA,426
2020-10-12,1 wk ahead inc case,2020-10-17,12,point,NA,17218
2020-10-12,1 wk ahead inc case,2020-10-17,13,point,NA,8018
2020-10-12,1 wk ahead inc case,2020-10-17,15,point,NA,668
2020-10-12,1 wk ahead inc case,2020-10-17,16,point,NA,3848
2020-10-12,1 wk ahead inc case,2020-10-17,17,point,NA,17227
2020-10-12,1 wk ahead inc case,2020-10-17,18,point,NA,10155
2020-10-12,1 wk ahead inc case,2020-10-17,19,point,NA,6952
2020-10-12,1 wk ahead inc case,2020-10-17,20,point,NA,4340
2020-10-12,1 wk ahead inc case,2020-10-17,21,point,NA,7429
2020-10-12,1 wk ahead inc case,2020-10-17,22,point,NA,3606
2020-10-12,1 wk ahead inc case,2020-10-17,23,point,NA,218
2020-10-12,1 wk ahead inc case,2020-10-17,24,point,NA,4021
2020-10-12,1 wk ahead inc case,2020-10-17,25,point,NA,4055
2020-10-12,1 wk ahead inc case,2020-10-17,26,point,NA,7930
2020-10-12,1 wk ahead inc case,2020-10-17,27,point,NA,8621
2020-10-12,1 wk ahead inc case,2020-10-17,28,point,NA,4154
2020-10-12,1 wk ahead inc case,2020-10-17,29,point,NA,10292
2020-10-12,1 wk ahead inc case,2020-10-17,30,point,NA,4225
2020-10-12,1 wk ahead inc case,2020-10-17,31,point,NA,4237
2020-10-12,1 wk ahead inc case,2020-10-17,32,point,NA,3895
2020-10-12,1 wk ahead inc case,2020-10-17,33,point,NA,527
2020-10-12,1 wk ahead inc case,2020-10-17,34,point,NA,5523
2020-10-12,1 wk ahead inc case,2020-10-17,35,point,NA,2627
2020-10-12,1 wk ahead inc case,2020-10-17,36,point,NA,10583
2020-10-12,1 wk ahead inc case,2020-10-17,37,point,NA,13753
2020-10-12,1 wk ahead inc case,2020-10-17,38,point,NA,3767
2020-10-12,1 wk ahead inc case,2020-10-17,39,point,NA,10672
2020-10-12,1 wk ahead inc case,2020-10-17,40,point,NA,8195
2020-10-12,1 wk ahead inc case,2020-10-17,41,point,NA,2570
2020-10-12,1 wk ahead inc case,2020-10-17,42,point,NA,9439
2020-10-12,1 wk ahead inc case,2020-10-17,44,point,NA,1043
2020-10-12,1 wk ahead inc case,2020-10-17,45,point,NA,5870
2020-10-12,1 wk ahead inc case,2020-10-17,46,point,NA,4198
2020-10-12,1 wk ahead inc case,2020-10-17,47,point,NA,12032
2020-10-12,1 wk ahead inc case,2020-10-17,48,point,NA,28348
2020-10-12,1 wk ahead inc case,2020-10-17,49,point,NA,7918
2020-10-12,1 wk ahead inc case,2020-10-17,50,point,NA,70
2020-10-12,1 wk ahead inc case,2020-10-17,51,point,NA,6778
2020-10-12,1 wk ahead inc case,2020-10-17,53,point,NA,3280
2020-10-12,1 wk ahead inc case,2020-10-17,54,point,NA,1532
2020-10-12,1 wk ahead inc case,2020-10-17,55,point,NA,18175
2020-10-12,1 wk ahead inc case,2020-10-17,56,point,NA,1117
2020-10-12,1 wk ahead inc case,2020-10-17,60,point,NA,0
2020-10-12,1 wk ahead inc case,2020-10-17,66,point,NA,301
2020-10-12,1 wk ahead inc case,2020-10-17,69,point,NA,2
2020-10-12,1 wk ahead inc case,2020-10-17,72,point,NA,3044
2020-10-12,1 wk ahead inc case,2020-10-17,78,point,NA,4
2020-10-12,2 wk ahead inc case,2020-10-24,01,point,NA,5727
2020-10-12,2 wk ahead inc case,2020-10-24,02,point,NA,1519
2020-10-12,2 wk ahead inc case,2020-10-24,04,point,NA,4942
2020-10-12,2 wk ahead inc case,2020-10-24,05,point,NA,5910
2020-10-12,2 wk ahead inc case,2020-10-24,06,point,NA,22729
2020-10-12,2 wk ahead inc case,2020-10-24,08,point,NA,5828
2020-10-12,2 wk ahead inc case,2020-10-24,09,point,NA,1712
2020-10-12,2 wk ahead inc case,2020-10-24,10,point,NA,859
2020-10-12,2 wk ahead inc case,2020-10-24,11,point,NA,468
2020-10-12,2 wk ahead inc case,2020-10-24,12,point,NA,16050
2020-10-12,2 wk ahead inc case,2020-10-24,13,point,NA,7830
2020-10-12,2 wk ahead inc case,2020-10-24,15,point,NA,674
2020-10-12,2 wk ahead inc case,2020-10-24,16,point,NA,3874
2020-10-12,2 wk ahead inc case,2020-10-24,17,point,NA,17583
2020-10-12,2 wk ahead inc case,2020-10-24,18,point,NA,11025
2020-10-12,2 wk ahead inc case,2020-10-24,19,point,NA,6996
2020-10-12,2 wk ahead inc case,2020-10-24,20,point,NA,4390
2020-10-12,2 wk ahead inc case,2020-10-24,21,point,NA,7751
2020-10-12,2 wk ahead inc case,2020-10-24,22,point,NA,3376
2020-10-12,2 wk ahead inc case,2020-10-24,23,point,NA,233
2020-10-12,2 wk ahead inc case,2020-10-24,24,point,NA,4002
2020-10-12,2 wk ahead inc case,2020-10-24,25,point,NA,4147
2020-10-12,2 wk ahead inc case,2020-10-24,26,point,NA,8362
2020-10-12,2 wk ahead inc case,2020-10-24,27,point,NA,8993
2020-10-12,2 wk ahead inc case,2020-10-24,28,point,NA,4307
2020-10-12,2 wk ahead inc case,2020-10-24,29,point,NA,10684
2020-10-12,2 wk ahead inc case,2020-10-24,30,point,NA,4778
2020-10-12,2 wk ahead inc case,2020-10-24,31,point,NA,4643
2020-10-12,2 wk ahead inc case,2020-10-24,32,point,NA,4280
2020-10-12,2 wk ahead inc case,2020-10-24,33,point,NA,648
2020-10-12,2 wk ahead inc case,2020-10-24,34,point,NA,5850
2020-10-12,2 wk ahead inc case,2020-10-24,35,point,NA,2923
2020-10-12,2 wk ahead inc case,2020-10-24,36,point,NA,11510
2020-10-12,2 wk ahead inc case,2020-10-24,37,point,NA,14858
2020-10-12,2 wk ahead inc case,2020-10-24,38,point,NA,3891
2020-10-12,2 wk ahead inc case,2020-10-24,39,point,NA,11794
2020-10-12,2 wk ahead inc case,2020-10-24,40,point,NA,8409
2020-10-12,2 wk ahead inc case,2020-10-24,41,point,NA,2701
2020-10-12,2 wk ahead inc case,2020-10-24,42,point,NA,10573
2020-10-12,2 wk ahead inc case,2020-10-24,44,point,NA,1047
2020-10-12,2 wk ahead inc case,2020-10-24,45,point,NA,5828
2020-10-12,2 wk ahead inc case,2020-10-24,46,point,NA,4403
2020-10-12,2 wk ahead inc case,2020-10-24,47,point,NA,12493
2020-10-12,2 wk ahead inc case,2020-10-24,48,point,NA,28041
2020-10-12,2 wk ahead inc case,2020-10-24,49,point,NA,8155
2020-10-12,2 wk ahead inc case,2020-10-24,50,point,NA,82
2020-10-12,2 wk ahead inc case,2020-10-24,51,point,NA,7348
2020-10-12,2 wk ahead inc case,2020-10-24,53,point,NA,3225
2020-10-12,2 wk ahead inc case,2020-10-24,54,point,NA,1650
2020-10-12,2 wk ahead inc case,2020-10-24,55,point,NA,18004
2020-10-12,2 wk ahead inc case,2020-10-24,56,point,NA,1210
2020-10-12,2 wk ahead inc case,2020-10-24,60,point,NA,0
2020-10-12,2 wk ahead inc case,2020-10-24,66,point,NA,299
2020-10-12,2 wk ahead inc case,2020-10-24,69,point,NA,2
2020-10-12,2 wk ahead inc case,2020-10-24,72,point,NA,2827
2020-10-12,2 wk ahead inc case,2020-10-24,78,point,NA,5
2020-10-12,3 wk ahead inc case,2020-10-31,01,point,NA,5521
2020-10-12,3 wk ahead inc case,2020-10-31,02,point,NA,1669
2020-10-12,3 wk ahead inc case,2020-10-31,04,point,NA,5206
2020-10-12,3 wk ahead inc case,2020-10-31,05,point,NA,5985
2020-10-12,3 wk ahead inc case,2020-10-31,06,point,NA,23468
2020-10-12,3 wk ahead inc case,2020-10-31,08,point,NA,6064
2020-10-12,3 wk ahead inc case,2020-10-31,09,point,NA,1714
2020-10-12,3 wk ahead inc case,2020-10-31,10,point,NA,843
2020-10-12,3 wk ahead inc case,2020-10-31,11,point,NA,495
2020-10-12,3 wk ahead inc case,2020-10-31,12,point,NA,15520
2020-10-12,3 wk ahead inc case,2020-10-31,13,point,NA,7844
2020-10-12,3 wk ahead inc case,2020-10-31,15,point,NA,684
2020-10-12,3 wk ahead inc case,2020-10-31,16,point,NA,3846
2020-10-12,3 wk ahead inc case,2020-10-31,17,point,NA,18117
2020-10-12,3 wk ahead inc case,2020-10-31,18,point,NA,11747
2020-10-12,3 wk ahead inc case,2020-10-31,19,point,NA,7068
2020-10-12,3 wk ahead inc case,2020-10-31,20,point,NA,4440
2020-10-12,3 wk ahead inc case,2020-10-31,21,point,NA,8077
2020-10-12,3 wk ahead inc case,2020-10-31,22,point,NA,3282
2020-10-12,3 wk ahead inc case,2020-10-31,23,point,NA,235
2020-10-12,3 wk ahead inc case,2020-10-31,24,point,NA,3968
2020-10-12,3 wk ahead inc case,2020-10-31,25,point,NA,4284
2020-10-12,3 wk ahead inc case,2020-10-31,26,point,NA,8572
2020-10-12,3 wk ahead inc case,2020-10-31,27,point,NA,9247
2020-10-12,3 wk ahead inc case,2020-10-31,28,point,NA,4391
2020-10-12,3 wk ahead inc case,2020-10-31,29,point,NA,10803
2020-10-12,3 wk ahead inc case,2020-10-31,30,point,NA,5139
2020-10-12,3 wk ahead inc case,2020-10-31,31,point,NA,4805
2020-10-12,3 wk ahead inc case,2020-10-31,32,point,NA,4649
2020-10-12,3 wk ahead inc case,2020-10-31,33,point,NA,733
2020-10-12,3 wk ahead inc case,2020-10-31,34,point,NA,6128
2020-10-12,3 wk ahead inc case,2020-10-31,35,point,NA,3081
2020-10-12,3 wk ahead inc case,2020-10-31,36,point,NA,12541
2020-10-12,3 wk ahead inc case,2020-10-31,37,point,NA,15573
2020-10-12,3 wk ahead inc case,2020-10-31,38,point,NA,4011
2020-10-12,3 wk ahead inc case,2020-10-31,39,point,NA,12687
2020-10-12,3 wk ahead inc case,2020-10-31,40,point,NA,8365
2020-10-12,3 wk ahead inc case,2020-10-31,41,point,NA,2804
2020-10-12,3 wk ahead inc case,2020-10-31,42,point,NA,11549
2020-10-12,3 wk ahead inc case,2020-10-31,44,point,NA,1064
2020-10-12,3 wk ahead inc case,2020-10-31,45,point,NA,5825
2020-10-12,3 wk ahead inc case,2020-10-31,46,point,NA,4455
2020-10-12,3 wk ahead inc case,2020-10-31,47,point,NA,12713
2020-10-12,3 wk ahead inc case,2020-10-31,48,point,NA,27858
2020-10-12,3 wk ahead inc case,2020-10-31,49,point,NA,8283
2020-10-12,3 wk ahead inc case,2020-10-31,50,point,NA,93
2020-10-12,3 wk ahead inc case,2020-10-31,51,point,NA,7634
2020-10-12,3 wk ahead inc case,2020-10-31,53,point,NA,3141
2020-10-12,3 wk ahead inc case,2020-10-31,54,point,NA,1721
2020-10-12,3 wk ahead inc case,2020-10-31,55,point,NA,17795
2020-10-12,3 wk ahead inc case,2020-10-31,56,point,NA,1255
2020-10-12,3 wk ahead inc case,2020-10-31,60,point,NA,0
2020-10-12,3 wk ahead inc case,2020-10-31,66,point,NA,296
2020-10-12,3 wk ahead inc case,2020-10-31,69,point,NA,2
2020-10-12,3 wk ahead inc case,2020-10-31,72,point,NA,2642
2020-10-12,3 wk ahead inc case,2020-10-31,78,point,NA,6
2020-10-12,4 wk ahead inc case,2020-11-07,01,point,NA,5195
2020-10-12,4 wk ahead inc case,2020-11-07,02,point,NA,1781
2020-10-12,4 wk ahead inc case,2020-11-07,04,point,NA,5338
2020-10-12,4 wk ahead inc case,2020-11-07,05,point,NA,5970
2020-10-12,4 wk ahead inc case,2020-11-07,06,point,NA,23457
2020-10-12,4 wk ahead inc case,2020-11-07,08,point,NA,6208
2020-10-12,4 wk ahead inc case,2020-11-07,09,point,NA,1712
2020-10-12,4 wk ahead inc case,2020-11-07,10,point,NA,830
2020-10-12,4 wk ahead inc case,2020-11-07,11,point,NA,508
2020-10-12,4 wk ahead inc case,2020-11-07,12,point,NA,15242
2020-10-12,4 wk ahead inc case,2020-11-07,13,point,NA,7748
2020-10-12,4 wk ahead inc case,2020-11-07,15,point,NA,675
2020-10-12,4 wk ahead inc case,2020-11-07,16,point,NA,3784
2020-10-12,4 wk ahead inc case,2020-11-07,17,point,NA,17824
2020-10-12,4 wk ahead inc case,2020-11-07,18,point,NA,11973
2020-10-12,4 wk ahead inc case,2020-11-07,19,point,NA,7006
2020-10-12,4 wk ahead inc case,2020-11-07,20,point,NA,4362
2020-10-12,4 wk ahead inc case,2020-11-07,21,point,NA,8273
2020-10-12,4 wk ahead inc case,2020-11-07,22,point,NA,3230
2020-10-12,4 wk ahead inc case,2020-11-07,23,point,NA,243
2020-10-12,4 wk ahead inc case,2020-11-07,24,point,NA,3873
2020-10-12,4 wk ahead inc case,2020-11-07,25,point,NA,4398
2020-10-12,4 wk ahead inc case,2020-11-07,26,point,NA,8682
2020-10-12,4 wk ahead inc case,2020-11-07,27,point,NA,9241
2020-10-12,4 wk ahead inc case,2020-11-07,28,point,NA,4498
2020-10-12,4 wk ahead inc case,2020-11-07,29,point,NA,10749
2020-10-12,4 wk ahead inc case,2020-11-07,30,point,NA,5255
2020-10-12,4 wk ahead inc case,2020-11-07,31,point,NA,4973
2020-10-12,4 wk ahead inc case,2020-11-07,32,point,NA,4895
2020-10-12,4 wk ahead inc case,2020-11-07,33,point,NA,835
2020-10-12,4 wk ahead inc case,2020-11-07,34,point,NA,6289
2020-10-12,4 wk ahead inc case,2020-11-07,35,point,NA,3187
2020-10-12,4 wk ahead inc case,2020-11-07,36,point,NA,13612
2020-10-12,4 wk ahead inc case,2020-11-07,37,point,NA,15665
2020-10-12,4 wk ahead inc case,2020-11-07,38,point,NA,4038
2020-10-12,4 wk ahead inc case,2020-11-07,39,point,NA,13592
2020-10-12,4 wk ahead inc case,2020-11-07,40,point,NA,8180
2020-10-12,4 wk ahead inc case,2020-11-07,41,point,NA,2868
2020-10-12,4 wk ahead inc case,2020-11-07,42,point,NA,12465
2020-10-12,4 wk ahead inc case,2020-11-07,44,point,NA,1042
2020-10-12,4 wk ahead inc case,2020-11-07,45,point,NA,5596
2020-10-12,4 wk ahead inc case,2020-11-07,46,point,NA,4474
2020-10-12,4 wk ahead inc case,2020-11-07,47,point,NA,12651
2020-10-12,4 wk ahead inc case,2020-11-07,48,point,NA,27356
2020-10-12,4 wk ahead inc case,2020-11-07,49,point,NA,8295
2020-10-12,4 wk ahead inc case,2020-11-07,50,point,NA,105
2020-10-12,4 wk ahead inc case,2020-11-07,51,point,NA,7807
2020-10-12,4 wk ahead inc case,2020-11-07,53,point,NA,2994
2020-10-12,4 wk ahead inc case,2020-11-07,54,point,NA,1808
2020-10-12,4 wk ahead inc case,2020-11-07,55,point,NA,17461
2020-10-12,4 wk ahead inc case,2020-11-07,56,point,NA,1296
2020-10-12,4 wk ahead inc case,2020-11-07,60,point,NA,0
2020-10-12,4 wk ahead inc case,2020-11-07,66,point,NA,291
2020-10-12,4 wk ahead inc case,2020-11-07,69,point,NA,2
2020-10-12,4 wk ahead inc case,2020-11-07,72,point,NA,2443
2020-10-12,4 wk ahead inc case,2020-11-07,78,point,NA,6
